timestamp, Sun Apr 22 23:46:59 2001 PT
Yahoo! Sports http://sports.yahoo.com, The data is for personal use only and any reproduction or distribution for commercial purposes is expressly prohibited.
ID,TEAM,NAME,FULLNAME,STATUS,POS,AVG,BAT,HIT,DOUBLE,TRIPLE,HOMER,WALK,STEAL,HAND,CAUGHT,SAC_HIT,SAC_FLY,ERROR,RUN,RBI,PASSED,SO,GAMES,SLUGGING,HIT_BY,ON_BASE,ERA,WIN,LOSS,SAVE,INNING,H,BB,K,HR,R,ER,HIT_BAT,WP,BALK,WINNING,START,COMPLETE,SHUTOUT
1032,OAK,Lidle,Cory Lidle,A,SP,0,0,0,0,0,0,0,0,R,0,0,0,0,0,0,0,0,2,0,0,0,7.71,0,1,0,9.1,13,5,5,2,9,8,1,1,0,0,2,0,0
1062,HOU,B Wagner,Billy Wagner,A,RP,0,0,0,0,0,0,0,0,,0,0,0,0,0,0,0,0,7,0,0,0,0,0,0,4,7,4,1,9,0,0,0,0,1,0,0,0,0,0
1105,LOS,M Herges,Matt Herges,A,RP,0,2,0,0,0,0,0,0,,0,0,0,0,0,0,0,2,6,0,0,0,1.64,0,1,0,10,8,5,9,1,2,2,0,0,0,0,0,0,0
1212,TOR,Sirotka,Mike Sirotka,I,SP,0,0,0,0,0,0,0,0,L,0,0,0,0,0,0,0,0,0,0,0,0,0,0,0,0,0,0,0,0,0,0,0,0,0,0,0,0,0,0
1241,PIT,Ma Wilkins,Marc Wilkins,A,RP,0,0,0,0,0,0,0,0,,0,0,0,0,0,0,0,0,6,0,0,0,11.05,0,0,0,7.1,10,5,4,2,9,9,0,2,0,0,0,0,0
1284,DET,Nitkowski,Cj Nitkowski,A,RP,0,0,0,0,0,0,0,0,,0,0,0,0,0,0,0,0,7,0,0,0,6.23,0,1,0,7.2,9,3,8,0,6,6,1,1,0,0,0,0,0
1441,OAK,Isringhausen,Jason Isringhausen,A,RP,0,0,0,0,0,0,0,0,,0,0,0,0,0,0,0,0,6,0,0,0,0,0,0,2,5.1,3,1,6,0,0,0,0,0,0,0,0,0,0
1473,BAL,Maduro,Calvin Maduro,M,RP,0,0,0,0,0,0,0,0,R,0,0,0,0,0,0,0,0,4,0,0,0,4.91,0,1,0,7.1,8,4,6,1,4,4,0,0,0,0,0,0,0
1542,MIL,Buddie,Mike Buddie,M,RP,0,0,0,0,0,0,0,0,R,0,0,0,0,0,0,0,0,0,0,0,0,0,0,0,0,0,0,0,0,0,0,0,0,0,0,0,0,0,0
1549,NYY,Mendoza,Ramiro Mendoza,A,RP,0,0,0,0,0,0,0,0,R,0,0,0,0,0,0,0,0,5,0,0,0,4.15,1,0,1,8.1,10,1,3,0,4,4,0,0,0,1000,0,0,0
1570,FLA,Alfonseca,Antonio Alfonseca,A,RP,0,0,0,0,0,0,0,0,,0,0,0,0,0,0,0,0,7,0,0,0,1.13,0,1,3,8,8,6,3,0,1,1,0,1,0,0,0,0,0
1572,MIL,Cunnane,Will Cunnane,A,RP,0,0,0,0,0,0,0,0,,0,0,0,0,0,0,0,0,7,0,0,0,3.12,0,1,0,8,9,5,5,0,3,3,1,0,0,0,0,0,0
1580,HOU,Ja Powell,Jay Powell,A,RP,0,0,0,0,0,0,0,0,,0,0,0,0,0,0,0,0,6,0,0,0,4,1,1,0,9,10,2,6,2,4,4,0,0,0,500,0,0,0
1601,PHI,Gomes,Wayne Gomes,A,RP,0,0,0,0,0,0,0,0,,0,0,0,0,0,0,0,0,10,0,0,0,0.73,2,0,0,11,10,3,9,0,1,1,0,0,0,1000,0,0,0
1631,KAN,Suppan,Jeff Suppan,A,SP,0,0,0,0,0,0,0,0,,0,0,0,0,0,0,0,0,4,0,0,0,4.13,1,2,0,24,24,12,18,4,11,11,0,1,0,333,4,0,0
1737,STL,D Hermanson,Dustin Hermanson,A,SP,250,8,2,1,0,0,1,0,,0,1,0,0,1,1,0,5,3,375,0,333,7.17,1,1,0,14.1,23,11,8,7,20,15,2,1,0,500,3,0,0
1759,COL,J Wasdin,John Wasdin,A,RP,0,0,0,0,0,0,0,0,,0,0,0,0,0,0,0,0,7,0,0,0,10.57,1,0,0,7.2,11,5,6,4,9,9,1,1,0,1000,0,0,0
1811,BAL,Trombley,Mike Trombley,A,RP,0,0,0,0,0,0,0,0,,0,0,0,0,0,0,0,0,8,0,0,0,2.45,1,0,0,10.1,6,3,11,0,3,3,0,0,0,1000,0,0,0
1857,NYM,D Wall,Donne Wall,A,RP,0,0,0,0,0,0,0,0,,0,0,0,0,0,0,0,0,7,0,0,0,3.38,0,1,0,8,7,7,7,0,3,3,1,1,0,0,0,0,0
1906,LOS,Olson,Gregg Olson,A,RP,0,0,0,0,0,0,0,0,,0,0,0,1,0,0,0,0,7,0,0,0,4.05,0,1,0,5.2,3,5,7,0,3,1,0,0,0,0,0,0,0
1929,ANA,Levine,Al Levine,A,RP,0,0,0,0,0,0,0,0,,0,0,0,0,0,0,0,0,6,0,0,0,0,0,1,0,9.2,3,1,9,0,2,0,0,0,0,0,0,0,0
2059,TAM,Rekar,Bryan Rekar,A,SP,0,0,0,0,0,0,0,0,,0,0,0,1,0,0,0,0,4,0,0,0,4.37,0,2,0,22.2,25,7,15,3,17,11,1,0,0,0,4,0,0
2079,ARI,M Batista,Miguel Batista,A,RP,0,0,0,0,0,0,0,0,,0,0,0,0,0,0,0,0,6,0,0,0,4.15,0,0,0,8.2,8,2,3,0,5,4,0,1,0,0,0,0,0
2090,ATL,M Valdes,Marc Valdes,A,RP,0,0,0,0,0,0,0,0,R,0,0,0,0,0,0,0,0,6,0,0,0,5.79,1,0,0,4.2,4,1,2,2,3,3,0,0,0,1000,0,0,0
2108,NYM,R Reed,Rick Reed,A,SP,182,11,2,0,0,0,0,0,,0,1,0,0,1,2,0,3,3,182,0,182,1.99,2,1,0,25,20,1,14,2,7,6,0,1,0,750,3,2,0
2116,CIN,Sullivan,Scott Sullivan,A,RP,0,0,0,0,0,0,0,0,,0,0,0,0,0,0,0,0,8,0,0,0,7.2,1,1,0,8,16,5,9,3,10,7,0,0,0,500,0,0,0
2171,TAM,Creek,Doug Creek,A,RP,0,0,0,0,0,0,0,0,,0,0,0,0,0,0,0,0,6,0,0,0,3.6,1,0,0,6.2,8,2,7,2,4,4,0,1,0,1000,0,0,0
2181,TEX,Petkovsek,Mark Petkovsek,A,RP,0,0,0,0,0,0,0,0,,0,0,0,0,0,0,0,0,7,0,0,0,9.9,0,0,0,10,15,3,8,2,11,11,1,1,0,0,0,0,0
2377,MIN,Travis Mille,Travis Miller,A,RP,0,0,0,0,0,0,0,0,,0,0,0,0,0,0,0,0,3,0,0,0,6.75,0,0,0,2.2,3,2,0,0,3,2,0,1,0,0,0,0,0
2403,DET,Moehler,Brian Moehler,I,SP,0,0,0,0,0,0,0,0,R,0,0,0,0,0,0,0,0,1,0,0,0,3.38,0,0,0,8,6,1,2,0,3,3,0,0,0,0,1,0,0
2423,SEA,P Abbott,Paul Abbott,A,SP,0,0,0,0,0,0,0,0,R,0,0,0,0,0,0,0,0,0,0,0,0,0,0,0,0,0,0,0,0,0,0,0,0,0,0,0,0,0,0
2498,ANA,Bruske,Jim Bruske,M,RP,0,0,0,0,0,0,0,0,R,0,0,0,0,0,0,0,0,0,0,0,0,0,0,0,0,0,0,0,0,0,0,0,0,0,0,0,0,0,0
2703,NYM,Benitez,Armando Benitez,A,RP,0,0,0,0,0,0,0,0,,0,0,0,0,0,0,0,0,6,0,0,0,1,1,0,2,7,6,4,10,1,1,1,1,1,0,1000,0,0,0
2708,MIL,J Haynes,Jimmy Haynes,A,SP,143,7,1,0,0,0,0,0,,0,0,0,0,0,0,0,1,4,143,0,143,7.29,1,2,0,21,23,11,9,5,19,17,1,2,0,333,4,0,0
2713,SEA,Moyer,Jamie Moyer,A,SP,0,0,0,0,0,0,0,0,,0,0,0,0,0,0,0,0,3,0,0,0,4.09,2,0,0,17,25,8,10,3,10,9,1,0,0,1000,3,0,0
2714,NYY,Mussina,Mike Mussina,A,SP,0,0,0,0,0,0,0,0,,0,0,0,1,0,0,0,0,3,0,0,0,4.21,1,2,0,21.2,27,0,18,2,14,8,0,1,0,333,3,0,0
2718,SEA,Rhodes,Arthur Rhodes,A,RP,0,0,0,0,0,0,0,0,,0,0,0,0,0,0,0,0,8,0,0,0,1.13,2,0,0,7,8,2,4,1,1,0,1,0,0,1000,0,0,0
2743,LOS,K Brown,Kevin Brown,A,SP,0,6,0,0,0,0,0,0,R,0,0,0,1,0,0,0,3,3,0,1,143,0.93,2,1,0,19.1,14,3,17,1,7,2,1,0,1,667,3,1,0
2753,NYY,Clemens,Roger Clemens,A,SP,0,0,0,0,0,0,0,0,,0,0,0,0,0,0,0,0,4,0,0,0,5,2,0,0,27,28,10,20,1,15,15,1,3,0,1000,4,0,0
2754,PHI,Cormier,Rheal Cormier,A,RP,0,0,0,0,0,0,0,0,,0,0,0,0,0,0,0,0,5,0,0,0,4.5,1,0,0,3.2,5,1,0,0,2,2,0,0,0,1000,0,0,0
2764,SEA,Sele,Aaron Sele,A,SP,0,0,0,0,0,0,0,0,,0,0,0,0,0,0,0,0,4,0,0,0,2.25,2,0,0,18,24,5,8,0,6,6,1,0,0,1000,3,0,0
2799,LOS,Adams,Terry Adams,A,RP,0,0,0,0,0,0,0,0,,0,0,0,0,0,0,0,0,7,0,0,0,1.5,0,1,0,10,9,2,10,1,2,2,0,0,0,0,0,0,0
2824,ARI,B Anderson,Brian Anderson,I,SP,0,2,0,0,0,0,0,0,L,0,0,0,1,0,0,0,0,2,0,0,0,14.14,0,2,0,7,13,3,1,5,14,11,0,0,0,0,2,0,0
2830,CLE,Finley,Chuck Finley,A,SP,0,0,0,0,0,0,0,0,,0,0,0,0,0,0,0,0,4,0,0,0,6.45,1,2,0,22.1,25,6,18,5,16,16,0,0,0,333,4,1,0
2832,STL,James,Mike James,A,RP,0,0,0,0,0,0,0,0,,0,0,0,0,0,0,0,0,10,0,0,0,6.48,1,0,0,8.1,15,2,5,3,7,6,0,1,0,1000,0,0,0
2839,ANA,Percival,Troy Percival,A,RP,0,0,0,0,0,0,0,0,,0,0,0,0,0,0,0,0,4,0,0,0,0,1,0,2,3.1,0,2,4,0,0,0,0,0,0,1000,0,0,0
2844,ARI,R Springer,Russ Springer,A,RP,0,0,0,0,0,0,0,0,,0,0,0,0,0,0,0,0,5,0,0,0,6.48,0,0,0,7.1,10,2,5,1,6,5,0,2,0,0,0,0,0
2876,CHA,Baldwin,James Baldwin,A,SP,0,0,0,0,0,0,0,0,R,0,0,0,0,0,0,0,0,0,0,0,0,3.86,0,0,0,0,6,0,0,2,3,0,0,0,0,0,0,0,0
2877,CHN,Bere,Jason Bere,A,SP,167,6,1,0,0,0,0,0,,0,2,0,0,0,0,0,0,3,167,0,167,3.32,3,0,0,19,13,7,19,1,7,7,0,0,0,1000,3,0,0
2880,ARI,Ellis,Robert Ellis,A,SP,0,4,0,0,0,0,1,0,R,0,0,0,0,0,0,0,1,1,0,0,200,3.65,1,0,0,6,12,7,4,0,5,1,0,0,0,1000,1,0,0
2884,KAN,R Hernandez,Roberto Hernandez,A,RP,0,0,0,0,0,0,0,0,,0,0,0,0,0,0,0,0,7,0,0,0,11,0,2,3,6.1,16,4,4,2,11,11,0,2,0,0,0,0,0
2931,BAL,Groom,Buddy Groom,A,RP,0,0,0,0,0,0,0,0,,0,0,0,0,0,0,0,0,7,0,0,0,0,1,0,1,5.1,2,0,5,0,0,0,0,0,0,1000,0,0,0
2934,HOU,Lima,Jose Lima,A,SP,0,9,0,0,0,0,0,0,,0,0,0,0,0,0,0,4,3,0,0,0,7.17,1,1,0,17.1,27,8,13,4,18,9,2,1,0,500,3,0,0
2937,BOS,Miller,Trever Miller,M,RP,0,0,0,0,0,0,0,0,L,0,0,0,0,0,0,0,0,0,0,0,0,0,0,0,0,0,0,0,0,0,0,0,0,0,0,0,0,0,0
2942,CHA,D Wells,David Wells,A,SP,0,0,0,0,0,0,0,0,,0,0,0,0,0,0,0,0,4,0,0,0,3.9,2,2,0,30,31,6,17,4,13,13,0,0,0,500,4,1,0
2961,COL,Bohanon,Brian Bohanon,A,SP,250,4,1,0,0,0,0,0,,0,0,0,0,0,0,0,1,3,250,0,250,9.82,0,2,0,14.2,19,8,7,4,16,16,2,0,0,0,3,0,0
2962,HOU,K Bottenfiel,Kent Bottenfield,A,SP,200,5,1,0,0,0,0,0,,0,0,0,0,0,0,0,2,3,200,0,200,3.94,1,1,0,13,15,3,9,4,7,7,1,0,0,500,2,0,0
2982,NYM,Cook,Dennis Cook,A,RP,0,0,0,0,0,0,0,0,,0,0,0,0,0,0,0,0,6,0,0,0,0,1,0,0,5.1,2,0,4,0,0,0,0,1,0,1000,0,0,0
2984,SFO,Embree,Alan Embree,A,RP,0,1,0,0,0,0,0,0,,0,0,0,0,0,0,0,0,8,0,0,0,12,0,0,0,6,13,3,8,2,8,8,1,1,0,0,0,0,0
2985,KAN,Grimsley,Jason Grimsley,A,RP,0,0,0,0,0,0,0,0,,0,0,0,0,0,0,0,0,9,0,0,0,2.7,0,1,0,11.1,8,4,6,0,4,4,0,0,0,0,0,0,0
2988,TAM,A Lopez,Albie Lopez,A,SP,0,0,0,0,0,0,0,0,,0,0,0,0,0,0,0,0,4,0,0,0,1.45,2,1,0,31,22,14,24,1,5,5,2,0,1,667,4,1,1
2990,PHI,Mesa,Jose Mesa,A,RP,0,0,0,0,0,0,0,0,,0,0,0,0,0,0,0,0,7,0,0,0,4.32,0,0,5,7,12,5,9,0,4,1,0,1,1,0,0,0,0
2995,CLE,Shuey,Paul Shuey,A,RP,0,0,0,0,0,0,0,0,,0,0,0,0,0,0,0,0,7,0,0,0,3.72,0,1,1,7,10,4,12,0,5,4,0,1,0,0,0,0,0
2997,CHN,Tavarez,Julian Tavarez,A,SP,286,7,2,0,0,0,0,0,,0,3,0,1,1,2,0,1,3,286,0,286,1.11,2,0,0,18.1,21,11,13,0,4,3,0,0,0,1000,3,0,0
3025,FLA,Bones,Ricky Bones,A,RP,0,0,0,0,0,0,0,0,,0,0,0,0,0,0,0,0,6,0,0,0,5.4,0,1,0,5.1,11,2,2,0,4,4,0,0,0,0,0,0,0
3029,CHA,Eldred,Cal Eldred,I,SP,0,0,0,0,0,0,0,0,R,0,0,0,0,0,0,0,0,2,0,0,0,13.5,0,1,0,6,12,3,6,1,9,9,3,0,0,0,2,0,0
3030,LOS,Fetters,Mike Fetters,A,RP,0,0,0,0,0,0,0,0,,0,0,0,0,0,0,0,0,5,0,0,0,1.5,0,0,0,5,2,0,6,1,1,1,0,0,0,0,0,0,0
3035,MON,Lloyd,Graeme Lloyd,A,RP,0,0,0,0,0,0,0,0,,0,0,0,0,0,0,0,0,7,0,0,0,0,2,0,0,6.2,5,1,1,0,0,0,0,0,0,1000,0,0,0
3036,BAL,Mercedes,Jose Mercedes,A,SP,0,0,0,0,0,0,0,0,,0,0,0,0,0,0,0,0,3,0,0,0,8.34,0,3,0,15.2,27,8,15,2,21,17,2,0,1,0,3,0,0
3069,MIN,Guardado,Eddie Guardado,A,RP,0,0,0,0,0,0,0,0,,0,0,0,0,0,0,0,0,4,0,0,0,10.8,1,0,0,5,7,0,4,1,6,6,0,1,0,1000,0,0,0
3070,OAK,Guthrie,Mark Guthrie,A,RP,0,0,0,0,0,0,0,0,,0,0,0,0,0,0,0,0,6,0,0,0,3.86,0,0,0,9.1,8,4,7,2,5,4,1,0,0,0,0,0,0
3071,MIN,Hawkins,Latroy Hawkins,A,RP,0,0,0,0,0,0,0,0,,0,0,0,0,0,0,0,0,7,0,0,0,1.08,0,0,3,6.1,6,9,4,0,1,1,0,1,0,0,0,0,0
3072,TEX,Mahomes,Pat Mahomes,A,RP,0,0,0,0,0,0,0,0,R,0,0,0,0,0,0,0,0,5,0,0,0,2.93,0,1,0,12,13,6,5,4,6,3,0,0,0,0,0,0,0
3076,MIN,B Radke,Brad Radke,A,SP,0,0,0,0,0,0,0,0,,0,0,0,0,0,0,0,0,4,0,0,0,2.23,4,0,0,32.1,30,3,19,2,8,8,0,0,0,1000,4,1,0
3077,PIT,Ritchie,Todd Ritchie,A,SP,125,8,1,0,0,0,0,0,,0,0,0,0,0,1,0,4,3,125,0,125,3.42,0,2,0,17.1,22,9,8,3,10,7,3,0,0,0,3,0,0
3082,CHN,Tapani,Kevin Tapani,A,SP,250,4,1,0,0,0,0,0,,0,2,0,0,0,0,0,0,3,250,0,250,0.96,3,0,0,18.2,17,3,20,2,2,2,0,0,0,1000,3,0,0
3106,NYY,Boehringer,Brian Boehringer,A,RP,0,0,0,0,0,0,0,0,R,0,0,0,0,0,0,0,0,6,0,0,0,1.35,0,0,0,13.1,9,7,13,2,3,2,2,0,0,0,0,0,0
3116,NYY,Pettitte,Andy Pettitte,A,SP,0,0,0,0,0,0,0,0,,0,0,0,0,0,0,0,0,4,0,0,0,2.97,3,1,0,30.1,38,3,18,2,11,10,1,0,0,750,4,1,0
3117,NYY,M Rivera,Mariano Rivera,A,RP,0,0,0,0,0,0,0,0,,0,0,0,0,0,0,0,0,7,0,0,0,2.08,0,1,3,7.2,7,1,9,0,3,1,0,0,0,500,0,0,0
3120,CLE,Wickman,Bob Wickman,A,RP,0,0,0,0,0,0,0,0,,0,0,0,0,0,0,0,0,8,0,0,0,2.25,1,0,3,7,5,5,7,1,2,2,1,0,0,1000,0,0,0
3154,CLE,Karsay,Steve Karsay,A,RP,0,0,0,0,0,0,0,0,,0,0,0,0,0,0,0,0,7,0,0,0,0,0,0,0,10.1,2,4,10,0,0,0,0,0,0,0,0,0,0
3162,PIT,Taylor,Billy Taylor,A,RP,0,0,0,0,0,0,0,0,R,0,0,0,0,0,0,0,0,1,0,0,0,4.5,0,0,0,2,2,0,3,1,1,1,0,0,0,0,0,0,0
3163,CHN,Van Poppel,Todd Van Poppel,A,RP,0,0,0,0,0,0,0,0,,0,0,0,1,0,0,0,0,6,0,0,0,6.23,0,0,0,4.1,4,2,8,1,3,1,0,0,0,0,0,0,0
3185,NYM,Appier,Kevin Appier,A,SP,0,9,0,0,0,0,0,0,,0,1,0,0,1,0,0,3,3,0,0,0,3.65,1,1,0,18,25,7,12,3,10,8,3,3,0,667,3,0,0
3196,OAK,Magnante,Mike Magnante,A,RP,0,0,0,0,0,0,0,0,,0,0,0,1,0,0,0,0,5,0,0,0,2.89,0,0,0,8.2,8,1,3,2,5,3,1,0,0,0,0,0,0
3197,TAM,Meacham,Rusty Meacham,A,RP,0,0,0,0,0,0,0,0,R,0,0,0,0,0,0,0,0,6,0,0,0,3.38,0,1,0,10.2,7,2,4,2,6,4,2,1,0,0,0,0,0
3199,SDG,Ro Myers,Rodney Myers,A,RP,0,1,0,0,0,0,0,0,,0,0,0,1,0,0,0,0,6,0,0,0,3.72,0,1,0,7.2,6,5,7,2,5,4,1,0,0,0,0,0,0
3201,BOS,Pichardo,Hipolito Pichardo,I,RP,0,0,0,0,0,0,0,0,R,0,0,0,0,0,0,0,0,0,0,0,0,0,0,0,0,0,0,0,0,0,0,0,0,0,0,0,0,0,0
3231,SFO,S Estes,Shawn Estes,A,SP,0,6,0,0,0,0,0,0,,0,0,0,0,0,0,0,1,3,0,0,0,5.57,0,1,0,16,24,10,17,4,13,10,0,0,2,500,3,0,0
3235,ARI,R Johnson,Randy Johnson,A,SP,111,9,1,0,0,0,1,0,,0,1,0,0,0,0,0,4,4,111,0,200,5.53,2,2,0,27.2,26,9,39,5,17,17,4,1,0,500,4,1,0
3237,BOS,D Lowe,Derek Lowe,A,RP,0,0,0,0,0,0,0,0,,0,0,0,0,0,0,0,0,6,0,0,0,6.48,1,3,2,7.2,13,5,6,2,6,4,1,0,0,250,0,0,0
3238,OAK,Mecir,Jim Mecir,A,RP,0,0,0,0,0,0,0,0,,0,0,0,1,0,0,0,0,6,0,0,0,6.75,0,4,0,8,14,6,7,0,7,7,0,1,0,0,0,0,0
3239,SEA,Nelson,Jeff Nelson,A,RP,0,0,0,0,0,0,0,0,,0,0,0,1,0,0,0,0,9,0,0,0,3.12,0,0,1,8.1,1,4,11,0,3,3,1,0,0,0,0,0,0
3242,KAN,M Suzuki,Mac Suzuki,A,SP,0,0,0,0,0,0,0,0,,0,0,0,0,0,0,0,0,3,0,0,0,3.18,1,1,0,17,16,4,11,4,6,6,0,3,0,500,3,0,0
3243,MIN,B Wells,Bob Wells,A,RP,0,0,0,0,0,0,0,0,,0,0,0,0,0,0,0,0,7,0,0,0,4.32,1,0,1,8,7,1,5,2,4,4,0,0,0,1000,0,0,0
3274,TEX,Helling,Rick Helling,A,SP,0,0,0,0,0,0,0,0,,0,0,0,0,0,0,0,0,4,0,0,0,8.31,0,3,0,19.1,38,10,16,7,26,22,1,0,0,250,4,0,0
3281,TEX,D Oliver,Darren Oliver,A,SP,0,0,0,0,0,0,0,0,,0,0,0,0,0,0,0,0,4,0,0,0,5.24,4,0,0,22.1,30,9,19,3,14,13,1,1,0,1000,4,0,0
3282,DET,D Patterson,Danny Patterson,A,RP,0,0,0,0,0,0,0,0,,0,0,0,0,0,0,0,0,5,0,0,0,0,1,0,0,6,3,2,1,0,0,0,1,1,0,1000,0,0,0
3284,TEX,Rogers,Kenny Rogers,A,SP,0,0,0,0,0,0,0,0,,0,0,0,0,0,0,0,0,4,0,0,0,5.47,1,1,0,26.1,33,6,16,6,16,16,1,1,0,500,4,0,0
3307,TEX,Crabtree,Tim Crabtree,I,RP,0,0,0,0,0,0,0,0,R,0,0,0,0,0,0,0,0,5,0,0,0,5.79,0,0,4,4.2,8,2,1,0,3,3,1,1,0,0,0,0,0
3312,BAL,Hentgen,Pat Hentgen,A,SP,0,0,0,0,0,0,0,0,,0,0,0,0,0,0,0,0,4,0,0,0,2.59,0,2,0,31.1,19,5,21,3,9,9,0,1,0,0,4,1,0
3315,NYM,A Leiter,Al Leiter,A,SP,0,8,0,0,0,0,0,0,,0,0,0,0,0,0,0,5,4,0,0,0,5.87,0,3,0,23,28,1,22,3,15,15,2,1,0,0,4,0,0
3317,PIT,Jo Silva,Jose Silva,A,RP,0,1,0,0,0,0,0,0,,0,0,0,0,0,0,0,1,8,0,0,0,6.07,1,1,0,11.1,16,1,12,3,9,8,0,0,0,500,0,0,0
3320,STL,Timlin,Mike Timlin,A,RP,0,0,0,0,0,0,0,0,,0,0,0,0,0,0,0,0,7,0,0,0,2.16,1,0,1,7.1,11,3,2,0,2,2,1,1,0,1000,0,0,0
3323,SDG,W Williams,Woody Williams,A,SP,111,9,1,1,0,0,0,0,,0,0,1,0,1,1,0,3,5,222,0,100,5.47,1,2,0,24.2,32,12,20,6,19,15,1,0,0,333,4,0,0
3324,BOS,Cone,David Cone,I,SP,0,0,0,0,0,0,0,0,R,0,0,0,0,0,0,0,0,0,0,0,0,0,0,0,0,0,0,0,0,0,0,0,0,0,0,0,0,0,0
3358,TOR,Pe Borbon,Pedro Borbon,A,RP,0,0,0,0,0,0,0,0,,0,0,0,0,0,0,0,0,7,0,0,0,1.35,0,0,0,3.1,1,0,3,0,1,1,1,0,0,0,0,0,0
3359,PHI,C Brock,Chris Brock,A,RP,0,0,0,0,0,0,0,0,,0,0,0,0,0,0,0,0,5,0,0,0,1.86,1,0,0,9.2,6,5,7,1,2,2,0,0,0,1000,0,0,0
3362,ATL,Glavine,Tom Glavine,A,SP,0,5,0,0,0,0,0,0,,0,4,0,0,0,0,0,2,4,0,0,0,3.46,2,1,0,26,17,17,17,4,10,10,0,0,0,667,4,0,0
3363,ATL,G Maddux,Greg Maddux,A,SP,143,7,1,0,0,0,0,0,,0,3,0,0,0,0,0,4,3,143,0,143,0.67,2,1,0,20,16,0,15,1,5,0,1,0,0,667,3,0,0
3371,NYY,Stanton,Mike Stanton,A,RP,0,0,0,0,0,0,0,0,,0,0,0,0,0,0,0,0,6,0,0,0,0,1,0,0,9,7,1,6,0,0,0,0,0,0,1000,0,0,0
3373,CIN,Wohlers,Mark Wohlers,A,RP,0,0,0,0,0,0,0,0,,0,0,0,1,0,0,0,0,6,0,0,0,4.5,0,0,0,6.2,6,3,5,1,4,4,0,1,0,0,0,0,0
3398,BOS,F Castillo,Frank Castillo,A,SP,0,0,0,0,0,0,0,0,,0,0,0,0,0,0,0,0,3,0,0,0,3.6,1,1,0,15,19,4,7,1,8,5,0,1,0,667,3,0,0
3403,ARI,M Morgan,Mike Morgan,I,RP,0,0,0,0,0,0,1,0,R,0,0,0,0,0,0,0,0,4,0,0,1000,8.31,0,0,0,8.2,15,1,2,1,8,8,0,1,0,0,1,0,0
3407,TAM,Sturtze,Tanyon Sturtze,A,RP,0,0,0,0,0,0,0,0,,0,0,0,0,0,0,0,0,7,0,0,0,7.94,0,2,0,8.2,14,3,8,2,10,9,1,3,0,0,0,0,0
3408,PHI,Telemaco,Amaury Telemaco,A,SP,200,5,1,0,0,0,1,0,,0,0,0,0,2,0,0,2,4,200,0,333,2.91,1,0,0,13.2,19,8,8,2,7,7,2,0,0,1000,2,0,0
3409,NYM,S Trachsel,Steve Trachsel,A,SP,250,4,1,0,0,0,0,0,,0,1,0,1,1,0,0,2,3,250,0,250,12.21,0,3,0,14,22,6,9,5,20,19,0,0,0,0,3,0,0
3411,NYM,Wendell,Turk Wendell,A,RP,0,0,0,0,0,0,0,0,,0,0,0,0,0,0,0,0,7,0,0,0,0.93,0,0,0,9.1,5,5,7,0,1,1,1,1,0,0,0,0,0
3433,TEX,Brantley,Jeff Brantley,A,RP,0,0,0,0,0,0,0,0,R,0,0,0,0,0,0,0,0,7,0,0,0,4.35,0,0,0,9.1,10,2,4,3,5,5,0,0,0,0,0,0,0
3436,MIL,C Fox,Chad Fox,A,RP,0,0,0,0,0,0,0,0,R,0,0,0,0,0,0,0,0,1,0,0,0,0,0,0,0,1.2,2,1,2,0,0,0,1,0,0,0,0,0,0
3439,SDG,Jarvis,Kevin Jarvis,A,SP,333,6,2,1,0,0,0,0,,0,1,0,0,1,2,0,2,3,500,0,333,8.24,0,2,0,13.2,27,7,15,5,18,14,1,0,0,0,3,0,0
3440,BAL,C Mcelroy,Chuck Mcelroy,A,SP,0,0,0,0,0,0,0,0,,0,0,0,0,0,0,0,0,3,0,0,0,6.92,0,1,0,13,16,6,5,5,11,10,2,0,0,0,3,0,0
3445,BOS,Schourek,Pete Schourek,A,RP,0,0,0,0,0,0,0,0,,0,0,0,0,0,0,0,0,5,0,0,0,2.08,0,1,0,7.1,2,3,4,2,2,2,0,0,0,0,0,0,0
3451,HOU,M Jackson,Mike Jackson,A,RP,0,0,0,0,0,0,0,0,,0,0,0,0,0,0,0,0,5,0,0,0,0,0,0,0,5.1,4,4,3,0,0,0,2,0,0,0,0,0,0
3475,COL,Acevedo,Juan Acevedo,A,RP,0,0,0,0,0,0,0,0,R,0,0,0,0,0,0,0,0,1,0,0,0,0,0,0,0,0,0,0,0,0,0,0,0,0,0,0,0,0,0
3483,MIL,C Leskanic,Curtis Leskanic,A,RP,0,1,0,0,0,0,0,0,,0,0,0,0,0,0,0,0,7,0,0,0,8.31,0,2,1,8.1,13,5,9,4,9,8,2,0,0,0,0,0,0
3487,PIT,Olivares,Omar Olivares,A,SP,0,4,0,0,0,0,0,0,,0,0,0,0,0,0,0,2,3,0,0,0,7.8,0,2,0,15,18,3,8,4,14,13,2,1,0,0,3,0,0
3488,TOR,Painter,Lance Painter,I,RP,0,0,0,0,0,0,0,0,L,0,0,0,0,0,0,0,0,3,0,0,0,17.18,0,0,0,3.2,9,3,3,1,7,7,0,0,0,0,0,0,0
3490,CLE,S Reed,Steve Reed,A,RP,0,0,0,0,0,0,0,0,,0,0,0,0,0,0,0,0,4,0,0,0,2.57,0,1,0,6.1,4,4,3,0,2,2,0,0,0,500,0,0,0
3491,ARI,Reynoso,Armando Reynoso,A,SP,143,7,1,1,0,0,0,0,,0,1,0,0,0,2,0,2,3,286,0,143,6.75,1,3,0,15.1,26,7,6,6,16,15,1,0,0,250,3,0,0
3517,ATL,Burkett,John Burkett,A,SP,250,8,2,0,0,0,1,0,,0,1,0,0,0,0,0,3,4,250,0,333,4.11,0,3,0,23.2,29,6,22,4,15,11,0,0,0,0,4,0,0
3518,FLA,Darensbourg,Vic Darensbourg,A,RP,0,0,0,0,0,0,0,0,,0,0,0,0,0,0,0,0,6,0,0,0,8.44,0,0,0,5.1,8,1,3,0,5,5,0,0,0,0,0,0,0
3520,SFO,Gardner,Mark Gardner,A,SP,0,2,0,0,0,0,0,0,,0,1,0,0,0,0,0,0,3,0,0,0,10.8,0,2,0,8.2,22,3,7,6,16,10,0,0,0,0,1,0,0
3525,ARI,Mantei,Matt Mantei,A,RP,0,0,0,0,0,0,0,0,,0,0,0,0,0,0,0,0,6,0,0,0,1.42,0,0,2,5.1,5,2,8,1,1,1,0,2,0,0,0,0,0
3528,COL,M Myers,Mike Myers,A,RP,0,0,0,0,0,0,0,0,,0,0,0,0,0,0,0,0,10,0,0,0,2.35,1,1,0,7.2,5,2,7,1,2,2,0,0,0,500,0,0,0
3529,SFO,Nen,Robb Nen,A,RP,0,0,0,0,0,0,0,0,,0,0,0,0,0,0,0,0,9,0,0,0,0.9,1,0,5,8.2,3,4,15,0,2,1,0,0,0,1000,0,0,0
3531,ANA,Rapp,Pat Rapp,A,SP,0,0,0,0,0,0,0,0,,0,0,0,0,0,0,0,0,4,0,0,0,6.75,0,3,0,24,21,10,9,4,18,18,1,0,0,0,4,1,0
3535,MIL,Weathers,David Weathers,A,RP,0,0,0,0,0,0,0,0,,0,0,0,0,0,0,0,0,10,0,0,0,1.86,1,0,1,9.1,3,6,7,1,2,2,0,0,0,1000,0,0,0
3537,ARI,Witt,Bobby Witt,I,SP,0,1,0,0,0,0,0,0,R,0,0,0,0,0,0,0,0,1,0,0,0,9.64,0,1,0,4.2,7,5,3,1,5,5,1,1,0,0,1,0,0
3562,DET,Holt,Chris Holt,A,SP,0,0,0,0,0,0,0,0,,0,0,0,0,0,0,0,0,3,0,0,0,7.13,1,2,0,15.2,26,8,7,1,14,13,1,0,0,333,3,0,0
3563,COL,M Hampton,Mike Hampton,A,SP,167,12,2,0,0,1,0,0,,0,1,0,0,2,2,0,1,4,417,0,167,3.18,2,0,0,28.1,28,12,20,3,13,10,2,0,0,1000,4,0,0
3569,DET,T Jones,Todd Jones,A,RP,0,0,0,0,0,0,0,0,,0,0,0,0,0,0,0,0,7,0,0,0,8.53,0,2,4,6,7,6,3,1,7,4,0,0,0,0,0,0,0
3570,STL,Kile,Darryl Kile,A,SP,0,8,0,0,0,0,1,0,,0,0,0,0,0,0,0,6,4,0,0,111,5.4,2,2,0,25,32,13,15,5,15,15,1,1,0,500,4,0,0
3575,HOU,Reynolds,Shane Reynolds,A,RP,0,2,0,0,0,0,0,0,R,0,0,0,0,0,0,0,1,1,0,0,0,6.35,0,1,0,5.2,9,2,5,1,7,4,0,0,0,0,1,0,0
3576,ARI,Swindell,Greg Swindell,A,RP,0,0,0,0,0,0,0,0,,0,0,0,0,0,0,0,0,7,0,0,0,3.38,0,0,0,6,5,0,3,2,3,3,0,0,0,0,0,0,0
3577,STL,Veres,Dave Veres,A,RP,0,0,0,0,0,0,0,0,,0,0,0,1,0,0,0,0,6,0,0,0,1.8,0,0,1,5,3,5,5,1,2,1,0,0,0,0,0,0,0
3609,COL,Astacio,Pedro Astacio,A,SP,91,11,1,0,0,0,0,0,,0,3,0,1,0,2,0,2,3,91,0,91,1.93,2,1,0,20,18,7,21,3,7,5,4,0,0,750,3,0,0
3612,PHI,Daal,Omar Daal,A,SP,167,6,1,0,0,0,0,0,,0,3,0,0,0,1,0,0,4,167,0,167,4.03,1,0,0,22.1,19,8,17,5,10,10,1,0,0,1000,4,0,0
3614,LOS,Dreifort,Darren Dreifort,A,SP,375,8,3,2,0,0,0,0,,0,1,0,0,1,0,0,4,3,625,0,375,4.88,1,1,0,17,21,5,12,4,15,9,2,1,0,500,3,0,0
3621,PIT,Ra Martinez,Ramon Martinez,A,SP,0,3,0,0,0,0,0,0,R,0,0,0,0,0,0,0,1,2,0,0,0,6.75,0,1,0,8,9,8,5,1,6,6,1,0,0,0,2,0,0
3624,LOS,C Park,Chan Ho Park,A,SP,222,9,2,0,0,0,0,0,,0,1,0,0,1,0,0,1,4,222,0,222,4.21,2,1,0,25.2,21,11,24,3,12,12,3,0,0,667,4,0,0
3625,CHA,Osuna,Antonio Osuna,I,RP,0,0,0,0,0,0,0,0,R,0,0,0,0,0,0,0,0,4,0,0,0,20.77,0,0,0,4.1,8,2,6,3,10,10,1,0,0,0,0,0,0
3629,ANA,I Valdes,Ismael Valdes,A,SP,0,0,0,0,0,0,0,0,R,0,0,0,0,0,0,0,0,2,0,0,0,3.29,0,2,0,13.2,12,4,10,0,5,5,0,1,0,0,2,0,0
3631,NYY,T Williams,Todd Williams,A,RP,0,0,0,0,0,0,0,0,R,0,0,0,1,0,0,0,0,8,0,0,0,3.68,1,0,0,6,10,7,7,0,4,2,1,0,0,1000,0,0,0
3664,CHN,Fassero,Jeff Fassero,A,RP,0,0,0,0,0,0,0,0,,0,0,0,0,0,0,0,0,12,0,0,0,7.15,0,2,8,10,13,3,12,2,9,7,0,0,0,0,0,0,0
3668,OAK,G Heredia,Gil Heredia,A,SP,0,0,0,0,0,0,0,0,,0,0,0,0,0,0,0,0,4,0,0,0,8.85,0,4,0,20.1,31,10,14,7,20,20,2,0,0,0,4,0,0
3669,BOS,P Martinez,Pedro Martinez,A,SP,0,0,0,0,0,0,0,0,,0,0,0,0,0,0,0,0,4,0,0,0,1.61,2,0,0,28,22,6,44,0,6,5,1,1,0,1000,4,0,0
3670,SEA,Paniagua,Jose Paniagua,A,RP,0,0,0,0,0,0,0,0,,0,0,0,0,0,0,0,0,8,0,0,0,4.09,1,1,0,10,4,5,5,2,5,5,2,0,0,500,0,0,0
3671,LOS,C Perez,Carlos Perez,I,SP,0,0,0,0,0,0,0,0,L,0,0,0,0,0,0,0,0,0,0,0,0,0,0,0,0,0,0,0,0,0,0,0,0,0,0,0,0,0,0
3673,SFO,Rueter,Kirk Rueter,A,SP,0,5,0,0,0,0,1,0,,0,2,0,0,1,0,0,1,4,0,0,167,6.64,2,1,0,20.1,23,8,10,4,15,15,1,0,0,667,4,0,0
3676,LOS,Shaw,Jeff Shaw,A,RP,0,0,0,0,0,0,0,0,,0,0,0,0,0,0,0,0,8,0,0,0,4.5,0,1,5,8,7,5,13,1,5,4,0,0,1,0,0,0,0
3678,MON,Urbina,Ugueth Urbina,A,RP,0,0,0,0,0,0,0,0,,0,0,0,0,0,0,0,0,8,0,0,0,2,0,0,4,8,4,2,10,1,2,2,0,0,0,0,0,0,0
3680,COL,G White,Gabe White,A,RP,0,1,0,0,0,0,0,0,,0,0,0,0,0,0,0,1,7,0,0,0,5.87,0,2,0,7.2,9,0,10,2,5,5,0,0,0,0,0,0,0
3681,TAM,Yan,Esteban Yan,A,RP,0,0,0,0,0,0,0,0,,0,0,0,0,0,0,0,0,5,0,0,0,6.23,1,1,1,5.2,11,0,5,0,8,3,2,1,0,500,0,0,0
3714,NYM,J Franco,John Franco,A,RP,0,0,0,0,0,0,0,0,,0,0,0,0,0,0,0,0,7,0,0,0,2.57,0,0,0,6,6,0,5,0,2,2,1,0,0,0,0,0,0
3715,CIN,P Harnisch,Pete Harnisch,A,SP,0,6,0,0,0,0,0,0,,0,1,0,0,1,0,0,4,5,0,0,0,6.64,1,2,0,20.1,23,8,15,4,16,15,0,2,0,333,4,0,0
3716,KAN,Henry,Doug Henry,A,RP,0,0,0,0,0,0,0,0,,0,0,0,0,0,0,0,0,7,0,0,0,3.72,0,0,0,8.2,10,6,6,1,4,4,0,0,0,1000,0,0,0
3718,SDG,Bj Jones,Bobby J Jones,A,SP,143,7,1,0,0,0,1,0,,0,0,0,0,1,0,0,1,3,143,0,250,3.81,0,2,0,19,25,5,11,4,12,8,1,0,0,0,3,0,0
3720,PIT,J Manzanillo,Josias Manzanillo,A,RP,0,0,0,0,0,0,0,0,,0,0,0,0,0,0,0,0,8,0,0,0,0.82,0,0,0,10.1,6,2,12,0,2,1,1,0,0,0,0,0,0
3722,DET,Mlicki,Dave Mlicki,A,SP,0,0,0,0,0,0,0,0,,0,0,0,0,0,0,0,0,3,0,0,0,7.71,0,2,0,17,31,15,8,8,19,11,3,1,0,0,3,0,0
3723,PHI,R Person,Robert Person,A,SP,143,7,1,1,0,0,1,0,,0,1,0,0,0,3,0,4,3,286,0,250,2.49,1,1,0,19.1,18,11,17,5,7,7,0,2,0,667,3,0,0
3725,ATL,Remlinger,Mike Remlinger,A,RP,0,1,0,0,0,0,0,0,,0,0,0,0,0,0,0,0,8,0,0,0,0.87,0,0,0,10.1,6,1,12,0,1,1,0,0,0,0,0,0,0
3726,BOS,Saberhagen,Bret Saberhagen,I,SP,0,0,0,0,0,0,0,0,R,0,0,0,0,0,0,0,0,0,0,0,0,0,0,0,0,0,0,0,0,0,0,0,0,0,0,0,0,0,0
3752,PHI,Bottalico,Ricky Bottalico,A,RP,0,0,0,0,0,0,0,0,,0,0,0,0,0,0,0,0,9,0,0,0,0.84,1,0,0,9.2,6,1,7,0,1,1,0,0,0,1000,0,0,0
3763,TOR,Quantrill,Paul Quantrill,A,RP,0,0,0,0,0,0,0,0,,0,0,0,0,0,0,0,0,10,0,0,0,0,2,0,0,14,9,0,6,0,0,0,0,0,0,1000,0,0,0
3764,ARI,C Schilling,Curt Schilling,A,SP,182,11,2,1,0,0,0,0,,0,0,0,0,0,1,0,5,4,273,0,182,2.01,2,0,0,31.1,21,3,38,5,8,7,0,0,0,1000,4,1,1
3767,PIT,Mi Williams,Mike Williams,A,RP,0,0,0,0,0,0,0,0,,0,0,0,0,0,0,0,0,5,0,0,0,3,1,1,3,6,14,2,7,2,3,1,0,0,0,667,0,0,0
3789,SEA,Charlton,Norm Charlton,A,RP,0,0,0,0,0,0,0,0,L,0,0,0,0,0,0,0,0,4,0,0,0,3.68,0,0,0,5.1,5,0,8,2,3,3,0,0,0,0,0,0,0
3804,CHN,Lieber,Jon Lieber,A,SP,182,11,2,0,0,0,1,0,,0,0,0,0,0,0,0,4,4,182,0,250,3,1,1,0,30,22,5,22,3,12,10,1,0,0,500,4,1,0
3805,TOR,Loaiza,Esteban Loaiza,A,SP,0,0,0,0,0,0,0,0,,0,0,0,0,0,0,0,0,4,0,0,0,2.81,3,1,0,25,34,6,22,1,12,7,1,0,0,750,4,0,0
3809,FLA,Miceli,Dan Miceli,A,RP,0,0,0,0,0,0,0,0,,0,0,0,0,0,0,0,0,8,0,0,0,6,0,2,0,6,5,5,7,1,6,4,0,2,0,0,0,0,0
3811,COL,Neagle,Denny Neagle,A,SP,125,8,1,1,0,0,1,0,,0,1,0,0,2,0,0,3,4,250,0,222,3.27,2,0,0,22,19,11,21,3,8,8,2,0,0,1000,4,0,0
3812,TOR,Plesac,Dan Plesac,A,RP,0,0,0,0,0,0,0,0,,0,0,0,0,0,0,0,0,6,0,0,0,3.38,0,1,0,4.2,5,3,3,0,2,1,1,0,0,0,0,0,0
3815,NYM,Ri White,Rick White,A,RP,0,0,0,0,0,0,0,0,R,0,0,0,0,0,0,0,0,0,0,0,0,0,0,0,0,0,0,0,0,0,0,0,0,0,0,0,0,0,0
3840,LOS,A Ashby,Andy Ashby,I,SP,500,2,1,0,0,0,1,0,R,0,2,0,0,1,1,0,0,3,500,0,667,3.86,2,0,0,11.2,14,1,7,2,5,5,0,0,0,1000,2,0,0
3842,STL,Andy Benes,Andy Benes,A,SP,200,5,1,1,0,0,0,0,,0,0,0,0,1,3,0,3,4,400,0,200,9.35,0,1,0,17.1,20,8,13,6,18,18,1,0,0,0,3,0,0
3844,CLE,Blair,Willie Blair,M,SP,0,0,0,0,0,0,0,0,R,0,0,0,0,0,0,0,0,0,0,0,0,0,0,0,0,0,0,0,0,0,0,0,0,0,0,0,0,0,0
3847,BOS,Florie,Bryce Florie,I,RP,0,0,0,0,0,0,0,0,R,0,0,0,0,0,0,0,0,0,0,0,0,0,0,0,0,0,0,0,0,0,0,0,0,0,0,0,0,0,0
3848,TOR,Hamilton,Joey Hamilton,A,SP,0,0,0,0,0,0,0,0,,0,0,0,1,0,0,0,0,4,0,0,0,3.38,1,0,0,24,29,9,13,2,14,9,1,0,0,1000,4,0,0
3850,SDG,Hoffman,Trevor Hoffman,A,RP,0,1,0,0,0,0,0,0,,0,0,0,0,0,0,0,0,6,0,0,0,4.5,2,1,1,5.1,7,2,3,1,5,2,0,2,0,667,0,0,0
3855,STL,Tabaka,Jeff Tabaka,A,RP,0,0,0,0,0,0,0,0,,0,0,0,0,0,0,0,0,1,0,0,0,13.5,0,0,0,0.2,0,0,0,0,1,1,0,0,0,0,0,0,0
3859,SFO,Worrell,Tim Worrell,A,RP,0,0,0,0,0,0,0,0,,0,0,0,0,0,0,0,0,9,0,0,0,1.29,0,0,0,10.2,7,5,12,0,3,2,1,1,0,0,0,0,0
3882,BOS,Beck,Rod Beck,A,RP,0,0,0,0,0,0,0,0,,0,0,0,0,0,0,0,0,7,0,0,0,0,0,0,1,9,8,3,9,0,1,0,0,0,1,0,0,0,0
3887,CLE,D Burba,Dave Burba,A,SP,0,0,0,0,0,0,0,0,,0,0,0,0,0,0,0,0,3,0,0,0,5.48,1,1,0,16.1,23,10,14,3,13,10,0,1,0,667,3,0,0
3889,KAN,Bailey,Cory Bailey,A,RP,0,0,0,0,0,0,0,0,R,0,0,0,0,0,0,0,0,0,0,0,0,0,0,0,0,0,0,0,0,0,0,0,0,0,0,0,0,0,0
3892,TOR,Frascatore,John Frascatore,A,RP,0,0,0,0,0,0,0,0,R,0,0,0,0,0,0,0,0,4,0,0,0,3.24,0,0,0,6.1,7,0,1,3,3,1,0,0,0,0,0,0,0
3895,TAM,K Hill,Ken Hill,A,RP,0,0,0,0,0,0,0,0,,0,0,0,1,0,0,0,0,5,0,0,0,12.27,0,1,0,7.1,10,5,2,4,11,10,1,2,0,0,0,0,0
3897,CHA,S Lowe,Sean Lowe,A,RP,0,0,0,0,0,0,0,0,,0,0,0,0,0,0,0,0,3,0,0,0,0,1,0,0,5,1,4,2,0,0,0,0,0,0,1000,0,0,0
3898,OAK,Tj Mathews,Tj Mathews,A,RP,0,0,0,0,0,0,0,0,,0,0,0,0,0,0,0,0,6,0,0,0,8.68,0,0,1,8.1,14,4,6,1,9,5,0,0,0,0,0,0,0
3903,CLE,R Rodriguez,Rich Rodriguez,A,RP,0,0,0,0,0,0,0,0,L,0,0,0,0,0,0,0,0,0,0,0,0,0,0,0,0,0,0,0,0,0,0,0,0,0,0,0,0,0,0
3904,NYY,A Watson,Allen Watson,I,RP,0,0,0,0,0,0,0,0,L,0,0,0,0,0,0,0,0,0,0,0,0,0,0,0,0,0,0,0,0,0,0,0,0,0,0,0,0,0,0
3920,PIT,Mulholland,Terry Mulholland,A,SP,0,1,0,0,0,0,0,0,L,0,0,0,0,0,0,0,0,1,0,0,0,3.86,0,0,0,3.2,8,1,3,0,2,2,0,0,0,0,1,0,0
3961,MIL,M Leiter,Mark Leiter,A,RP,0,0,0,0,0,0,0,0,R,0,0,0,0,0,0,0,0,4,0,0,0,6.35,0,0,0,4,7,4,3,1,4,3,0,0,0,0,0,0,0
4045,BOS,R Garces,Rich Garces,A,RP,0,0,0,0,0,0,0,0,,0,0,0,0,0,0,0,0,6,0,0,0,0.93,1,0,0,8.2,4,1,8,1,1,0,1,0,0,1000,0,0,0
4390,COL,Villone,Ron Villone,A,SP,0,2,0,0,0,0,0,0,,0,2,0,0,0,0,0,2,2,0,0,0,10.8,0,1,0,9.1,22,9,10,4,16,8,0,1,0,0,2,0,0
4430,BOS,Nomo,Hideo Nomo,A,SP,0,0,0,0,0,0,0,0,,0,0,0,1,0,0,0,0,4,0,0,0,3.13,2,1,0,23,10,12,22,3,9,8,1,1,0,667,4,1,1
4500,BOS,Wakefield,Tim Wakefield,A,RP,0,0,0,0,0,0,0,0,,0,0,0,0,0,0,0,0,4,0,0,0,1.64,1,0,1,11,11,1,9,0,2,2,1,1,0,1000,0,0,0
5102,TOR,Parris,Steve Parris,A,SP,0,0,0,0,0,0,0,0,,0,0,0,0,0,0,0,0,2,0,0,0,10.45,0,2,0,5.1,23,5,1,1,13,10,0,0,0,0,2,0,0
5218,TOR,C Carpenter,Chris Carpenter,A,SP,0,0,0,0,0,0,0,0,,0,0,0,0,0,0,0,0,4,0,0,0,2.33,2,1,0,27,24,7,24,3,8,7,0,1,0,667,4,0,0
6371,SFO,L Hernandez,Livan Hernandez,A,SP,333,9,3,0,0,0,0,0,,0,1,0,0,0,2,0,0,4,333,0,333,6.17,1,2,0,23.1,31,10,11,5,19,16,1,0,0,333,4,0,0
6372,CIN,O Fernandez,Osvaldo Fernandez,A,SP,0,7,0,0,0,0,1,0,,0,1,0,0,0,0,0,3,4,0,0,125,4.84,3,1,0,22.1,26,11,10,2,12,12,0,0,0,750,4,0,0
6398,TAM,Pa Wilson,Paul Wilson,A,SP,0,0,0,0,0,0,0,0,,0,0,0,0,0,0,0,0,4,0,0,0,7.41,0,2,0,17,22,8,13,2,21,14,3,0,0,0,4,0,0
6426,CIN,Graves,Danny Graves,A,RP,0,0,0,0,0,0,0,0,,0,0,0,0,0,0,0,0,8,0,0,0,0,0,0,5,9.1,4,2,6,0,3,0,2,1,0,0,0,0,0
6458,NYM,Rusch,Glendon Rusch,A,SP,0,3,0,0,0,0,0,0,,0,2,0,1,0,0,0,2,3,0,0,0,2.65,1,0,0,17,13,7,17,0,5,5,1,0,0,1000,3,0,0
6480,CIN,Dessens,Elmer Dessens,A,SP,143,7,1,0,0,0,1,0,,0,0,0,0,1,0,0,2,3,143,0,250,3.97,1,1,0,17,24,6,8,4,10,6,0,0,0,500,3,0,0
6523,CHN,F Heredia,Felix Heredia,A,RP,0,1,0,0,0,0,0,0,,0,0,0,0,0,0,0,1,10,0,0,0,0,0,0,0,5,1,5,4,0,0,0,0,0,0,1000,0,0,0
6552,HOU,N Cruz,Nelson Cruz,A,RP,0,0,0,0,0,0,0,0,,0,0,0,1,0,0,0,0,6,0,0,0,4,0,0,0,8,10,1,5,3,5,4,0,0,0,0,0,0,0
6553,TOR,Eyre,Scott Eyre,M,RP,0,0,0,0,0,0,0,0,L,0,0,0,0,0,0,0,0,0,0,0,0,0,0,0,0,0,0,0,0,0,0,0,0,0,0,0,0,0,0
6565,MON,Peters,Chris Peters,A,SP,167,6,1,0,0,0,0,0,L,0,0,0,0,1,0,0,1,3,167,0,167,3.38,1,1,0,11,18,7,6,1,6,4,1,0,0,667,2,0,0
6602,SDG,Witasick,Jay Witasick,A,RP,0,1,0,0,0,0,0,0,,0,0,0,1,0,0,0,1,9,0,0,0,0.66,0,1,0,12.2,7,5,17,0,2,1,1,0,0,500,0,0,0
6689,CHN,Aybar,Manny Aybar,A,RP,0,0,0,0,0,0,0,0,,0,0,0,0,0,0,0,0,6,0,0,0,4.5,1,1,0,4,5,3,3,2,3,2,0,0,0,500,0,0,0
6697,STL,M Morris,Matt Morris,A,SP,0,8,0,0,0,0,0,0,,0,1,0,0,0,1,0,3,3,0,0,0,4.13,1,2,0,17,27,6,11,2,15,9,0,0,0,500,3,0,0
6739,ANA,M Holtz,Mike Holtz,A,RP,0,0,0,0,0,0,0,0,,0,0,0,0,0,0,0,0,6,0,0,0,2.57,0,0,0,6,5,2,10,0,2,2,0,1,0,0,0,0,0
6774,TEX,Jo Johnson,Jonathan Johnson,A,RP,0,0,0,0,0,0,0,0,,0,0,0,0,0,0,0,0,5,0,0,0,9.58,0,0,0,10.1,13,7,11,2,11,11,1,0,0,0,0,0,0
6795,CHA,Foulke,Keith Foulke,A,RP,0,0,0,0,0,0,0,0,,0,0,0,0,0,0,0,0,7,0,0,0,2.45,0,2,4,9,7,3,9,1,3,1,2,0,0,0,0,0,0
6866,MIL,Jam Wright,Jamey Wright,A,SP,125,8,1,0,0,0,2,0,,0,0,0,0,3,0,0,2,4,125,0,300,3.86,2,2,0,23.1,21,11,14,3,10,10,1,2,0,500,4,0,0
7053,CHA,Corbin,Archie Corbin,M,RP,0,0,0,0,0,0,0,0,R,0,0,0,0,0,0,0,0,0,0,0,0,0,0,0,0,0,0,0,0,0,0,0,0,0,0,0,0,0,0
7170,PIT,J Anderson,Jimmy Anderson,A,SP,0,6,0,0,0,0,1,0,,0,1,0,0,0,0,0,1,3,0,0,143,3.47,1,1,0,17.1,27,8,10,0,10,8,0,1,0,500,3,0,0
7182,MIN,M Redman,Mark Redman,A,SP,0,0,0,0,0,0,0,0,,0,0,0,0,0,0,0,0,3,0,0,0,3.86,1,1,0,18.2,22,7,13,3,11,8,0,0,0,500,3,0,0
7239,MIL,Damico,Jeff C Damico,A,SP,125,8,1,0,1,0,1,0,,0,0,0,0,0,0,0,3,3,375,0,222,4.76,1,1,0,18.1,20,7,12,4,14,7,1,0,0,500,3,0,0
7392,TOR,Escobar,Kelvim Escobar,A,RP,0,0,0,0,0,0,0,0,,0,0,0,0,0,0,0,0,9,0,0,0,2.53,0,0,0,9.2,5,3,16,2,3,1,0,0,0,0,0,0,0
7510,MON,Thurman,Mike Thurman,A,SP,0,6,0,0,0,0,1,0,,0,0,0,0,0,0,0,3,3,0,0,143,6.85,1,3,0,15.1,26,6,7,3,18,12,2,0,0,250,3,0,0
7621,ANA,Hasegawa,Shigetoshi Hasegawa,A,RP,0,0,0,0,0,0,0,0,,0,0,0,0,0,0,0,0,6,0,0,0,7.36,1,1,0,6.1,12,6,9,0,6,6,0,0,0,500,0,0,0
7623,SDG,T Davey,Tom Davey,A,RP,0,0,0,0,0,0,0,0,,0,0,0,0,0,0,0,0,7,0,0,0,4.76,0,0,0,5.1,7,3,4,1,3,3,0,2,1,0,0,0,0
7624,MON,Mi Johnson,Mike Johnson,A,RP,0,1,0,0,0,0,0,0,,0,0,0,0,0,0,0,1,9,0,0,0,4.66,0,0,0,9.2,10,3,9,3,5,5,2,2,0,0,0,0,0
7630,CLE,Colon,Bartolo Colon,A,SP,0,0,0,0,0,0,0,0,,0,0,0,1,0,0,0,0,4,0,0,0,3.64,2,1,0,29.2,26,11,25,1,12,12,0,0,0,667,4,0,0
7634,STL,Kline,Steve Kline,A,RP,0,0,0,0,0,0,0,0,,0,0,0,0,0,0,0,0,10,0,0,0,2.79,0,1,2,9.2,5,3,5,0,3,3,1,0,0,0,0,0,0
7635,STL,Mi Matthews,Mike Matthews,A,RP,0,0,0,0,0,0,0,0,,0,0,0,0,0,0,0,0,9,0,0,0,0,0,0,0,9,4,5,6,0,0,0,0,2,0,0,0,0,0
7649,BAL,Roberts,Willis Roberts,A,RP,0,0,0,0,0,0,0,0,,0,0,0,0,0,0,0,0,7,0,0,0,1.23,2,0,0,14.2,12,6,18,0,2,2,0,0,1,1000,1,0,0
7669,TEX,Dickey,Ra Dickey,A,RP,0,0,0,0,0,0,0,0,R,0,0,0,0,0,0,0,0,0,0,0,0,0,0,0,0,0,0,0,0,0,0,0,0,0,0,0,0,0,0
7677,ATL,Millwood,Kevin Millwood,A,SP,0,9,0,0,0,0,0,0,,0,0,0,0,1,0,0,7,4,0,0,0,4.13,0,2,0,24,25,7,12,2,11,11,0,0,1,0,4,0,0
7696,CLE,Rincon,Ricardo Rincon,A,RP,0,0,0,0,0,0,0,0,,0,0,0,0,0,0,0,0,6,0,0,0,3,1,0,0,2.1,3,2,3,0,1,0,0,0,0,1000,0,0,0
7704,KAN,B Stein,Blake Stein,A,SP,0,0,0,0,0,0,0,0,,0,0,0,0,0,0,0,0,3,0,0,0,8.2,1,2,0,12.2,16,16,9,4,17,13,1,2,0,333,3,0,0
7707,DET,H Murray,Heath Murray,A,RP,0,0,0,0,0,0,0,0,L,0,0,0,0,0,0,0,0,4,0,0,0,4.82,0,0,0,7.1,10,4,4,2,5,2,1,0,0,0,0,0,0
7711,TOR,Halladay,Roy Halladay,M,SP,0,0,0,0,0,0,0,0,R,0,0,0,0,0,0,0,0,0,0,0,0,0,0,0,0,0,0,0,0,0,0,0,0,0,0,0,0,0,0
7712,TOR,Koch,Billy Koch,A,RP,0,0,0,0,0,0,0,0,,0,0,0,0,0,0,0,0,9,0,0,0,4.5,0,1,4,10,10,4,7,2,6,5,0,0,0,0,0,0,0
7727,MIL,Dejean,Mike Dejean,A,RP,0,0,0,0,0,0,0,0,R,0,0,0,0,0,0,0,0,6,0,0,0,4.26,1,0,0,5,7,3,4,1,3,3,1,0,0,1000,0,0,0
7765,NYY,Einertson,Darrell Einertson,I,RP,0,0,0,0,0,0,0,0,R,0,0,0,0,0,0,0,0,0,0,0,0,0,0,0,0,0,0,0,0,0,0,0,0,0,0,0,0,0,0
7774,DET,Perisho,Matt Perisho,A,SP,0,0,0,0,0,0,0,0,,0,0,0,0,0,0,0,0,3,0,0,0,8.1,0,1,0,4.2,12,4,1,2,10,6,3,0,0,0,1,0,0
7775,SEA,Tomko,Brett Tomko,A,SP,0,0,0,0,0,0,0,0,,0,0,0,0,0,0,0,0,4,0,0,0,6.35,0,1,0,17,22,8,10,5,12,12,0,0,0,0,3,0,0
7778,KAN,J Santiago,Jose Santiago,A,RP,0,0,0,0,0,0,0,0,,0,0,0,0,0,0,0,0,7,0,0,0,6.52,0,0,0,7.1,12,1,3,0,7,7,0,1,0,0,0,0,0
7779,SFO,Fe Rodriguez,Felix Rodriguez,A,RP,0,0,0,0,0,0,0,0,,0,0,0,0,0,0,0,0,7,0,0,0,3.12,1,0,0,7.1,8,5,8,1,3,3,0,0,0,1000,0,0,0
7856,CIN,D Reyes,Dennys Reyes,A,RP,0,0,0,0,0,0,0,0,,0,0,0,0,0,0,0,0,9,0,0,0,3.52,0,2,0,7.2,4,4,8,2,4,3,0,0,0,0,0,0,0
7861,ATL,Jose Cabrera,Jose Cabrera,A,RP,0,0,0,0,0,0,0,0,R,0,0,0,0,0,0,0,0,1,0,0,0,0,0,0,0,1,1,0,1,0,0,0,0,0,0,0,0,0,0
7871,NYM,Rose,Brian Rose,A,RP,0,1,0,0,0,0,0,0,,0,0,0,0,0,0,0,0,3,0,0,0,4.15,0,1,0,8.2,10,2,4,3,4,4,0,0,0,0,0,0,0
7876,CLE,S Woodard,Steve Woodard,I,SP,0,0,0,0,0,0,0,0,R,0,0,0,0,0,0,0,0,1,0,0,0,4.91,0,0,0,3.2,5,0,1,0,2,2,0,0,0,0,0,0,0
7882,ATL,Ligtenberg,Kerry Ligtenberg,A,RP,0,0,0,0,0,0,0,0,,0,0,0,0,0,0,0,0,5,0,0,0,11.57,0,2,0,3.2,3,6,4,1,6,6,0,0,0,0,0,0,0
7894,BAL,Ja Johnson,Jason Johnson,A,SP,0,0,0,0,0,0,0,0,,0,0,0,0,0,0,0,0,3,0,0,0,3.7,1,1,0,18.1,22,9,11,1,10,5,2,1,0,500,3,0,0
7906,NYY,C Almanzar,Carlos Almanzar,A,RP,0,0,0,0,0,0,0,0,,0,0,0,0,0,0,0,0,3,0,0,0,3.86,0,0,0,4.2,5,1,3,1,2,2,0,0,0,0,0,0,0
7912,CIN,Winchester,Scott Winchester,A,RP,0,0,0,0,0,0,0,0,R,0,0,0,0,0,0,0,0,3,0,0,0,9,0,0,0,4,4,2,2,1,4,4,2,0,0,0,0,0,0
7920,TAM,Judd,Mike Judd,A,RP,0,0,0,0,0,0,0,0,,0,0,0,0,0,0,0,0,3,0,0,0,4.5,0,0,0,8.1,13,4,6,2,9,1,0,0,0,0,0,0,0
7926,ANA,Washburn,Jarrod Washburn,A,SP,0,0,0,0,0,0,0,0,L,0,0,0,0,0,0,0,0,1,0,0,0,6.75,0,2,0,6.2,18,5,1,2,11,4,0,1,0,0,1,0,0
7931,ANA,S Schoenewei,Scott Schoeneweis,A,SP,0,0,0,0,0,0,0,0,,0,0,0,0,0,0,0,0,4,0,0,0,3.49,1,1,0,28.1,25,13,16,1,11,11,1,1,0,500,4,0,0
7932,ANA,Ra Ortiz,Ramon Ortiz,A,SP,0,0,0,0,0,0,0,0,,0,0,0,1,0,0,0,0,3,0,0,0,4.62,2,2,0,20.1,26,11,19,2,14,8,1,0,0,500,3,0,0
7938,BAL,Ponson,Sidney Ponson,I,SP,0,0,0,0,0,0,0,0,R,0,0,0,0,0,0,0,0,3,0,0,0,6.62,0,3,0,17.2,19,4,19,6,16,13,1,0,0,0,3,0,0
7958,CHA,Parque,Jim Parque,A,SP,0,0,0,0,0,0,0,0,,0,0,0,0,0,0,0,0,4,0,0,0,6.66,0,2,0,24.1,29,9,14,5,19,18,1,0,0,0,4,1,0
7961,CHA,Barcelo,Lorenzo Barcelo,A,RP,0,0,0,0,0,0,0,0,R,0,0,0,0,0,0,0,0,2,0,0,0,0,0,0,0,3.1,4,0,1,0,0,0,0,0,0,0,0,0,0
7963,CHA,Howry,Bob Howry,A,RP,0,0,0,0,0,0,0,0,,0,0,0,0,0,0,0,0,5,0,0,0,3.86,0,0,0,5,8,1,4,0,3,3,0,0,0,0,0,0,0
7995,DET,M Anderson,Matt Anderson,A,RP,0,0,0,0,0,0,0,0,,0,0,0,0,0,0,0,0,8,0,0,0,20.25,1,0,0,4.2,16,2,2,0,14,12,0,1,0,1000,0,0,0
8002,KAN,Reichert,Dan Reichert,A,SP,0,0,0,0,0,0,0,0,,0,0,0,0,0,0,0,0,3,0,0,0,2.73,1,1,0,18.1,21,12,10,2,9,7,0,1,0,667,3,0,0
8011,MIN,E Milton,Eric Milton,A,SP,0,0,0,0,0,0,0,0,,0,0,0,0,0,0,0,0,3,0,0,0,3.12,2,0,0,19,26,4,14,3,10,7,1,0,0,1000,3,0,0
8017,NYY,Bradley,Ryan Bradley,M,RP,0,0,0,0,0,0,0,0,R,0,0,0,0,0,0,0,0,0,0,0,0,0,0,0,0,0,0,0,0,0,0,0,0,0,0,0,0,0,0
8050,SEA,Jo Zimmerman,Jordan Zimmerman,M,RP,0,0,0,0,0,0,0,0,L,0,0,0,0,0,0,0,0,0,0,0,0,0,0,0,0,0,0,0,0,0,0,0,0,0,0,0,0,0,0
8063,TEX,Glynn,Ryan Glynn,A,SP,0,0,0,0,0,0,0,0,,0,0,0,0,0,0,0,0,3,0,0,0,12.12,0,3,0,12.2,29,14,4,6,22,18,0,1,0,0,3,0,0
8064,CHA,Glover,Gary Glover,A,RP,0,0,0,0,0,0,0,0,R,0,0,0,1,0,0,0,0,6,0,0,0,2,1,1,0,8.2,3,3,7,0,2,1,0,0,0,500,0,0,0
8065,CHA,S Sinclair,Steve Sinclair,M,RP,0,0,0,0,0,0,0,0,L,0,0,0,0,0,0,0,0,0,0,0,0,0,0,0,0,0,0,0,0,0,0,0,0,0,0,0,0,0,0
8076,BOS,Arrojo,Rolando Arrojo,A,RP,0,0,0,0,0,0,0,0,,0,0,0,0,0,0,0,0,4,0,0,0,0,1,0,2,7.1,7,2,7,0,0,0,0,1,0,1000,0,0,0
8082,TAM,M White,Matt White,M,RP,0,0,0,0,0,0,0,0,R,0,0,0,0,0,0,0,0,0,0,0,0,0,0,0,0,0,0,0,0,0,0,0,0,0,0,0,0,0,0
8102,FLA,V Nunez,Vladimir Nunez,A,SP,0,5,0,0,0,0,0,0,,0,2,0,0,0,0,0,2,5,0,0,0,4.15,1,2,0,16,19,8,10,4,11,6,2,0,1,333,2,0,0
8108,PHI,Chen,Bruce Chen,A,SP,0,6,0,0,0,0,0,0,,0,0,0,0,0,0,0,3,3,0,0,0,2.65,0,1,0,17,16,5,13,3,10,5,0,0,0,0,3,0,0
8113,ATL,Rocker,John Rocker,A,RP,0,0,0,0,0,0,0,0,,0,0,0,0,0,0,0,0,8,0,0,0,3.12,2,0,5,8.2,7,3,8,1,4,3,0,1,0,1000,0,0,0
8122,ATL,O Perez,Odalis Perez,A,SP,0,3,0,0,0,0,0,0,,0,0,0,0,0,0,0,0,4,0,0,0,5.11,1,2,0,12.1,14,8,8,0,8,7,0,0,0,333,2,0,0
8123,CHN,K Wood,Kerry Wood,A,SP,250,8,2,0,0,0,0,0,,0,1,0,0,0,0,0,4,3,250,0,250,3.52,0,1,0,16,21,9,24,2,11,7,1,2,0,0,3,0,0
8129,CLE,Speier,Justin Speier,A,RP,0,0,0,0,0,0,0,0,,0,0,0,0,0,0,0,0,4,0,0,0,4.91,1,0,0,4.1,5,4,6,1,4,4,0,0,0,1000,0,0,0
8139,CIN,Atchley,Justin Atchley,M,RP,0,0,0,0,0,0,0,0,L,0,0,0,0,0,0,0,0,2,0,0,0,0,0,0,0,0.1,1,1,0,0,0,0,0,1,0,0,0,0,0
8141,KAN,Meadows,Brian Meadows,A,SP,0,0,0,0,0,0,0,0,,0,0,0,0,0,0,0,0,3,0,0,0,7.88,0,2,0,16,23,2,7,3,14,14,1,0,0,0,3,0,0
8149,FLA,Dempster,Ryan Dempster,A,SP,0,8,0,0,0,0,1,0,,0,1,0,0,0,0,0,6,4,0,0,111,2.45,2,1,0,25.2,18,14,19,1,8,7,2,0,0,667,4,0,0
8161,SEA,F Garcia,Freddy Garcia,A,SP,0,0,0,0,0,0,0,0,,0,0,0,0,0,0,0,0,4,0,0,0,3.38,2,0,0,24,18,14,19,0,9,9,3,0,0,1000,4,0,0
8162,HOU,Elarton,Scott Elarton,A,SP,0,5,0,0,0,0,1,0,,0,1,0,0,0,1,0,3,4,0,2,375,5.09,3,1,0,23,21,6,21,6,13,13,2,0,0,750,4,0,0
8163,SEA,Halama,John Halama,A,SP,0,0,0,0,0,0,0,0,,0,0,0,0,0,0,0,0,4,0,0,0,3.52,2,1,0,23,23,5,15,2,10,9,1,2,0,667,4,0,0
8178,NYY,Lilly,Ted Lilly,A,RP,0,0,0,0,0,0,0,0,L,0,0,0,0,0,0,0,0,0,0,0,0,2.7,0,0,0,0,7,2,0,2,2,0,0,1,0,0,0,0,0
8190,MON,Vazquez,Javier Vazquez,A,SP,375,8,3,0,0,0,1,0,,0,0,0,0,1,0,0,2,4,375,0,444,3.91,2,1,0,23,20,8,23,1,11,10,0,1,0,667,4,0,0
8195,MON,Armas,Tony Armas Jr,A,SP,500,4,2,0,0,0,0,0,,0,1,0,1,0,0,0,1,4,500,0,500,4.22,0,4,0,21.1,18,10,16,3,13,10,2,0,0,0,4,0,0
8200,MON,Yoshii,Masato Yoshii,A,SP,0,0,0,0,0,0,0,0,R,0,0,0,0,0,0,0,0,3,0,0,0,4.76,0,0,0,5.2,4,3,4,1,3,3,0,0,0,0,0,0,0
8201,HOU,Dotel,Octavio Dotel,A,SP,0,4,0,0,0,0,0,0,,0,0,0,0,0,0,0,3,2,0,0,0,4.91,1,1,0,11,12,7,9,1,7,6,0,0,0,500,2,0,0
8207,CIN,Mercado,Hector Mercado,A,RP,0,0,0,0,0,0,0,0,L,0,0,0,0,0,0,0,0,2,0,0,0,0,0,0,0,3,1,0,4,0,0,0,0,0,0,0,0,0,0
8208,CHN,Fyhrie,Mike Fyhrie,A,RP,0,1,0,0,0,0,0,0,,0,0,0,0,0,0,0,0,6,0,0,0,3.38,0,1,0,5.1,4,3,2,0,2,2,0,0,0,0,0,0,0
8211,MIL,De Los Santo,Valerio De Los Santos,I,SP,0,0,0,0,0,0,0,0,L,0,0,0,0,0,0,0,0,1,0,0,0,9,0,0,0,1,1,1,1,0,1,1,0,0,0,0,0,0,0
8212,COL,Estrada,Horacio Estrada,I,RP,0,0,0,0,0,0,0,0,L,0,0,0,0,0,0,0,0,3,0,0,0,7.36,1,1,0,3.2,4,1,3,0,3,3,0,0,0,500,0,0,0
8252,PIT,Arroyo,Bronson Arroyo,A,SP,0,3,0,0,0,0,1,0,,0,0,0,0,0,0,0,2,3,0,0,250,3.86,2,1,0,14,9,5,8,2,7,6,2,2,1,667,2,0,0
8261,NYM,Croushore,Rick Croushore,M,RP,0,0,0,0,0,0,0,0,R,0,0,0,0,0,0,0,0,0,0,0,0,0,0,0,0,0,0,0,0,0,0,0,0,0,0,0,0,0,0
8262,FLA,A Almanza,Armando Almanza,A,RP,0,0,0,0,0,0,0,0,,0,0,0,0,0,0,0,0,5,0,0,0,0,0,0,0,2.2,1,4,3,0,0,0,0,1,0,0,0,0,0
8263,STL,Ankiel,Rick Ankiel,A,SP,0,3,0,0,0,0,1,0,,0,1,0,0,1,0,0,1,3,0,0,250,6.23,1,2,0,13,11,13,16,3,11,9,3,2,0,333,3,0,0
8264,FLA,Looper,Braden Looper,A,RP,0,1,0,0,0,0,0,0,,0,0,0,0,0,0,0,1,8,0,0,0,4.91,1,1,0,11,10,0,7,2,6,5,0,0,0,500,0,0,0
8272,FLA,M Clement,Matt Clement,A,SP,0,5,0,0,0,0,0,0,,0,3,0,0,0,0,0,4,4,0,0,0,3.75,1,1,0,24,21,11,23,4,11,10,2,0,0,500,4,0,0
8284,SFO,Ru Ortiz,Russ Ortiz,A,SP,125,8,1,0,0,0,0,0,,0,2,0,0,0,0,0,5,4,125,0,125,2.7,3,1,0,26.2,18,10,24,1,9,8,0,1,0,750,4,0,0
8292,ARI,T Brohawn,Troy Brohawn,A,RP,0,1,0,0,0,0,0,0,L,0,0,0,0,0,0,0,0,3,0,0,0,7.94,0,1,0,4.1,6,3,2,0,5,4,0,0,0,0,0,0,0
8294,ANA,Cooper,Brian Cooper,M,SP,0,0,0,0,0,0,0,0,R,0,0,0,0,0,0,0,0,0,0,0,0,0,0,0,0,0,0,0,0,0,0,0,0,0,0,0,0,0,0
8313,MIN,Carrasco,Hector Carrasco,A,RP,0,0,0,0,0,0,0,0,R,0,0,0,0,0,0,0,0,5,0,0,0,4.15,1,0,0,7,8,3,6,2,4,4,0,0,1,1000,0,0,0
8366,NYY,O Hernandez,Orlando Hernandez,A,SP,0,0,0,0,0,0,0,0,,0,0,0,0,0,0,0,0,3,0,0,0,5.84,0,2,0,12.1,16,7,13,4,8,8,2,0,0,0,3,0,0
8374,DET,S Sparks,Steve Sparks,A,SP,0,0,0,0,0,0,0,0,,0,0,0,0,0,0,0,0,3,0,0,0,2.25,1,1,0,20,20,9,10,2,11,5,0,1,0,500,3,1,1
8382,OAK,Tam,Jeff Tam,A,RP,0,0,0,0,0,0,0,0,,0,0,0,0,0,0,0,0,7,0,0,0,7.59,0,0,0,9.2,16,10,7,1,9,8,0,0,0,0,0,0,0
8388,BOS,Cho,Jin Ho Cho,M,SP,0,0,0,0,0,0,0,0,R,0,0,0,0,0,0,0,0,0,0,0,0,0,0,0,0,0,0,0,0,0,0,0,0,0,0,0,0,0,0
8449,TOR,Michalak,Chris Michalak,A,SP,0,0,0,0,0,0,0,0,L,0,0,0,0,0,0,0,0,3,0,0,0,1.62,3,0,0,16.2,12,5,12,2,3,3,1,0,0,1000,3,0,0
8468,COL,Jimenez,Jose Jimenez,A,RP,0,0,0,0,0,0,0,0,,0,0,0,0,0,0,0,0,9,0,0,0,4.7,0,0,4,6.2,7,3,5,1,5,4,0,1,0,0,0,0,0
8498,PIT,Sauerbeck,Scott Sauerbeck,A,RP,0,0,0,0,0,0,0,0,,0,0,0,0,0,0,0,0,10,0,0,0,7.36,0,1,0,7.1,2,6,8,0,6,6,1,0,0,0,0,0,0
8509,LOS,J Williams,Jeff Williams,M,RP,0,0,0,0,0,0,0,0,L,0,0,0,0,0,0,0,0,0,0,0,0,0,0,0,0,0,0,0,0,0,0,0,0,0,0,0,0,0,0
8532,MIN,Mays,Joe Mays,A,SP,0,0,0,0,0,0,0,0,,0,0,0,0,0,0,0,0,3,0,0,0,2.86,2,1,0,22,19,8,10,3,9,7,0,0,0,667,3,0,0
8535,CIN,S Williamson,Scott Williamson,I,RP,0,0,0,0,0,0,0,0,R,0,0,0,0,0,0,0,0,2,0,0,0,0,0,0,0,0.2,1,2,0,0,0,0,1,1,0,0,0,0,0
8543,DET,J Weaver,Jeff Weaver,A,SP,0,0,0,0,0,0,0,0,,0,0,0,0,0,0,0,0,4,0,0,0,4.34,1,3,0,29,32,10,15,2,14,14,2,0,0,250,4,1,0
8544,TEX,Je Zimmerman,Jeff Zimmerman,A,RP,0,0,0,0,0,0,0,0,,0,0,0,0,0,0,0,0,9,0,0,0,2.61,1,1,1,9.1,7,3,8,1,3,3,0,0,0,500,0,0,0
8549,TEX,Venafro,Mike Venafro,A,RP,0,0,0,0,0,0,0,0,,0,0,0,0,0,0,0,0,9,0,0,0,3,1,0,1,4.2,6,4,4,1,2,2,0,0,0,1000,0,0,0
8558,CHN,Farnsworth,Kyle Farnsworth,A,RP,0,0,0,0,0,0,0,0,,0,0,0,0,0,0,0,0,7,0,0,0,2.61,0,0,0,8,15,4,11,1,3,2,0,0,0,0,0,0,0
8561,MON,Mota,Guillermo Mota,A,RP,500,2,1,0,0,0,0,0,,0,0,0,0,0,0,0,1,8,500,0,500,1.5,0,0,0,10,8,1,7,1,2,2,0,0,0,0,0,0,0
8562,TAM,Rupe,Ryan Rupe,A,SP,0,0,0,0,0,0,0,0,,0,0,0,2,0,0,0,0,3,0,0,0,6.64,0,2,0,14.1,27,9,13,5,16,12,1,3,1,333,3,0,0
8566,BOS,Ju Pena,Juan Pena,I,SP,0,0,0,0,0,0,0,0,R,0,0,0,0,0,0,0,0,0,0,0,0,0,0,0,0,0,0,0,0,0,0,0,0,0,0,0,0,0,0
8574,SEA,Franklin,Ryan Franklin,A,RP,0,0,0,0,0,0,0,0,,0,0,0,0,0,0,0,0,4,0,0,0,0.59,2,0,0,13.2,10,6,9,1,1,1,0,0,0,1000,0,0,0
8575,MIL,R King,Ray King,A,RP,0,0,0,0,0,0,0,0,,0,0,0,0,0,0,0,0,10,0,0,0,4.15,0,0,0,8.1,7,5,7,1,4,4,0,0,0,0,0,0,0
8588,ARI,Kim,Byung Hyun Kim,A,RP,0,0,0,0,0,0,0,0,,0,0,0,0,0,0,0,0,7,0,0,0,1.93,1,1,0,9.1,4,5,14,1,2,2,1,0,0,500,0,0,0
8597,OAK,Hudson,Tim Hudson,A,SP,0,0,0,0,0,0,0,0,,0,0,0,0,0,0,0,0,4,0,0,0,5.46,2,2,0,22.1,26,16,23,5,17,10,1,3,0,500,4,0,0
8602,PHI,Wolf,Randy Wolf,A,SP,0,2,0,0,0,0,1,0,,0,0,0,0,0,0,0,0,3,0,0,333,6.23,0,3,0,13,18,7,11,3,10,9,0,0,0,0,3,0,0
8613,OAK,C Harville,Chad Harville,I,RP,0,0,0,0,0,0,0,0,R,0,0,0,0,0,0,0,0,0,0,0,0,0,0,0,0,0,0,0,0,0,0,0,0,0,0,0,0,0,0
8615,PHI,Padilla,Vicente Padilla,A,RP,0,0,0,0,0,0,0,0,,0,0,0,0,0,0,0,0,6,0,0,0,3.18,1,1,0,5.2,3,4,5,0,2,2,0,1,0,500,0,0,0
8620,ATL,Slusarski,Joe Slusarski,I,RP,0,0,0,0,0,0,0,0,R,0,0,0,0,0,0,0,0,4,0,0,0,9,0,0,0,6,9,1,5,2,6,6,0,0,0,0,0,0,0
8623,HOU,W Miller,Wade Miller,A,SP,0,10,0,0,0,0,1,0,,0,2,0,0,0,0,0,5,3,0,0,91,2.35,2,1,0,22.2,17,8,27,4,8,5,0,0,0,750,3,1,0
8634,BOS,Ohka,Tomokazu Ohka,A,SP,0,0,0,0,0,0,0,0,,0,0,0,0,0,0,0,0,3,0,0,0,2.38,2,0,0,17,24,4,11,1,6,5,1,0,0,1000,3,0,0
8636,COL,J Davenport,Joe Davenport,A,RP,1000,1,1,0,0,0,0,0,R,0,0,0,0,0,0,0,0,4,1000,0,1000,2.45,0,0,0,5.1,5,4,4,1,5,1,0,0,0,0,0,0,0
8640,OAK,L Vizcaino,Luis Vizcaino,A,RP,0,0,0,0,0,0,0,0,R,0,0,0,0,0,0,0,0,4,0,0,0,6,0,0,0,5.2,6,2,6,1,4,4,0,0,0,0,0,0,0
8644,BAL,Bj Ryan,Bj Ryan,A,RP,0,0,0,0,0,0,0,0,,0,0,0,0,0,0,0,0,6,0,0,0,5.68,0,0,0,6,4,7,5,2,5,3,0,0,0,0,0,0,0
8649,TEX,D Davis,Doug Davis,A,SP,0,0,0,0,0,0,0,0,,0,0,0,0,0,0,0,0,3,0,0,0,4.76,2,1,0,17,23,7,12,3,10,9,0,0,0,667,3,0,0
8650,CHA,K Wells,Kip Wells,M,SP,0,0,0,0,0,0,0,0,R,0,0,0,0,0,0,0,0,0,0,0,0,0,0,0,0,0,0,0,0,0,0,0,0,0,0,0,0,0,0
8654,BOS,Je Pena,Jesus Pena,M,RP,0,0,0,0,0,0,0,0,L,0,0,0,0,0,0,0,0,0,0,0,0,0,0,0,0,0,0,0,0,0,0,0,0,0,0,0,0,0,0
8657,ANA,Pote,Lou Pote,A,RP,0,0,0,0,0,0,0,0,,0,0,0,0,0,0,0,0,4,0,0,0,1.5,1,0,0,10.1,11,4,7,1,2,2,1,1,0,1000,0,0,0
8659,MON,Strickland,Scott Strickland,A,RP,0,1,0,0,0,0,0,0,,0,0,0,2,0,0,0,0,8,0,0,0,2.92,0,1,0,10.1,14,7,11,0,4,4,1,1,0,0,0,0,0
8672,TAM,Wheeler,Dan Wheeler,A,RP,0,0,0,0,0,0,0,0,R,0,0,0,0,0,0,0,0,2,0,0,0,2.25,0,0,0,3,5,0,3,0,1,0,0,0,0,0,0,0,0
8675,CIN,J Brower,Jim Brower,A,RP,250,4,1,0,0,0,0,0,R,0,0,0,0,0,0,0,2,4,250,0,250,1.04,1,0,1,8.2,8,2,5,0,2,1,0,0,0,1000,1,0,0
8678,LOS,Gagne,Eric Gagne,A,SP,111,9,1,1,0,0,0,0,,0,1,0,0,0,0,0,2,4,222,0,111,3.96,1,1,0,25,23,7,23,2,12,11,2,1,0,500,4,0,0
8682,BAL,Riley,Matt Riley,I,RP,0,0,0,0,0,0,0,0,L,0,0,0,0,0,0,0,0,0,0,0,0,0,0,0,0,0,0,0,0,0,0,0,0,0,0,0,0,0,0
8691,MIN,Romero,Jc Romero,A,SP,0,0,0,0,0,0,0,0,,0,0,0,0,0,0,0,0,3,0,0,0,11,0,1,0,9,8,7,6,1,11,11,0,0,0,0,2,0,0
8778,STL,Hutchinson,Chad Hutchinson,M,RP,0,1,0,0,0,0,0,0,R,0,0,0,0,0,0,0,0,3,0,0,0,24.75,0,0,0,4,9,6,2,3,11,11,1,1,0,0,0,0,0
8779,BAL,Bale,John Bale,A,RP,0,0,0,0,0,0,0,0,L,0,0,0,0,0,0,0,0,1,0,0,0,2.08,1,0,0,2.1,5,4,0,0,1,0,0,0,0,1000,0,0,0
8786,TOR,Dewitt,Matt Dewitt,M,RP,0,0,0,0,0,0,0,0,R,0,0,0,0,0,0,0,0,0,0,0,0,0,0,0,0,0,0,0,0,0,0,0,0,0,0,0,0,0,0
8791,LOS,Ricketts,Chad Ricketts,M,RP,0,0,0,0,0,0,0,0,R,0,0,0,0,0,0,0,0,0,0,0,0,0,0,0,0,0,0,0,0,0,0,0,0,0,0,0,0,0,0
8799,STL,Ge Stechschu,Gene Stechschulte,A,RP,1000,1,1,0,0,1,0,0,,0,0,0,0,1,2,0,0,7,4000,0,1000,1.93,0,1,0,7.1,6,6,4,1,2,1,0,0,0,0,0,0,0
8800,MIL,B Kolb,Brandon Kolb,A,RP,0,0,0,0,0,0,0,0,,0,0,0,0,0,0,0,0,1,0,0,0,0,0,0,0,1,0,0,1,0,0,0,0,0,0,0,0,0,0
8803,TOR,Coco,Pasqual Coco,A,SP,0,0,0,0,0,0,0,0,R,0,0,0,0,0,0,0,0,1,0,0,0,4.5,0,0,0,2,2,0,1,0,1,1,0,0,0,0,0,0,0
8816,MIN,Santana,Johan Santana,A,RP,0,0,0,0,0,0,0,0,,0,0,0,0,0,0,0,0,3,0,0,0,0,0,0,0,4.2,1,3,5,0,0,0,0,1,0,0,0,0,0
8827,LOS,Burnside,Adrian Burnside,M,SP,0,0,0,0,0,0,0,0,L,0,0,0,0,0,0,0,0,0,0,0,0,0,0,0,0,0,0,0,0,0,0,0,0,0,0,0,0,0,0
8829,CIN,C Reitsma,Chris Reitsma,A,SP,222,9,2,0,0,0,0,0,,0,0,0,0,1,0,0,5,5,222,1,300,1.03,2,1,0,19.1,19,6,13,1,8,3,0,0,0,667,3,0,0
8830,SEA,Sasaki,Kazuhiro Sasaki,A,RP,0,0,0,0,0,0,0,0,,0,0,0,0,0,0,0,0,11,0,0,0,5.59,0,1,9,9.2,9,3,10,3,6,6,1,1,0,0,0,0,0
8840,BOS,Lee,Sang Hoon Lee,M,SP,0,0,0,0,0,0,0,0,L,0,0,0,0,0,0,0,0,0,0,0,0,0,0,0,0,0,0,0,0,0,0,0,0,0,0,0,0,0,0
8847,CLE,Ja Brown,Jamie Brown,M,SP,0,0,0,0,0,0,0,0,R,0,0,0,0,0,0,0,0,0,0,0,0,0,0,0,0,0,0,0,0,0,0,0,0,0,0,0,0,0,0
8855,SFO,Fultz,Aaron Fultz,A,RP,500,2,1,0,0,0,0,0,,0,0,0,0,0,0,0,0,8,500,0,500,4.76,2,0,0,11.1,16,2,6,1,9,6,0,0,0,1000,0,0,0
8857,OAK,Mulder,Mark Mulder,A,SP,0,0,0,0,0,0,0,0,,0,0,0,0,0,0,0,0,3,0,0,0,4.44,1,1,0,18.1,23,11,18,1,13,7,1,0,0,667,3,0,0
8858,OAK,Zito,Barry Zito,A,SP,0,0,0,0,0,0,0,0,,0,0,0,0,0,0,0,0,4,0,0,0,5.55,2,1,0,24.1,25,9,31,3,16,15,0,2,0,667,4,0,0
8866,ANA,Wise,Matt Wise,M,SP,0,0,0,0,0,0,0,0,R,0,0,0,0,0,0,0,0,2,0,0,0,6.43,1,0,0,7,10,1,7,1,5,5,0,0,0,1000,2,0,0
8873,ANA,S Green,Steve Green,M,RP,0,0,0,0,0,0,0,0,R,0,0,0,0,0,0,0,0,1,0,0,0,3,0,0,0,6,4,6,4,0,2,2,0,2,0,0,1,0,0
8887,BOS,Crawford,Paxton Crawford,A,SP,0,0,0,0,0,0,0,0,,0,0,0,0,0,0,0,0,3,0,0,0,1.83,1,0,0,19.2,14,5,16,1,4,4,1,1,0,1000,3,0,0
8894,BOS,Kim,Sun Woo Kim,M,RP,0,0,0,0,0,0,0,0,R,0,0,0,0,0,0,0,0,0,0,0,0,0,0,0,0,0,0,0,0,0,0,0,0,0,0,0,0,0,0
8899,TOR,Beirne,Kevin Beirne,M,RP,0,0,0,0,0,0,0,0,R,0,0,0,0,0,0,0,0,3,0,0,0,18,0,0,0,4,10,4,3,1,8,8,0,0,0,0,0,0,0
8900,CHA,Buehrle,Mark Buehrle,A,SP,0,0,0,0,0,0,0,0,,0,0,0,0,0,0,0,0,3,0,0,0,7.02,1,2,0,16.2,21,6,15,3,15,13,1,0,1,333,3,0,0
8907,CHA,D Wright,Danny Wright,M,RP,0,0,0,0,0,0,0,0,R,0,0,0,0,0,0,0,0,0,0,0,0,0,0,0,0,0,0,0,0,0,0,0,0,0,0,0,0,0,0
8908,CHA,Wunsch,Kelly Wunsch,A,RP,0,0,0,0,0,0,0,0,,0,0,0,0,0,0,0,0,6,0,0,0,8.59,0,1,0,5.9,8,2,4,1,7,7,1,0,0,0,0,0,0
8911,COL,K Davis,Kane Davis,A,RP,0,0,0,0,0,0,0,0,R,0,0,0,0,0,0,0,0,6,0,0,0,5.4,0,0,0,8.1,7,5,7,0,5,5,0,2,0,0,0,0,0
8912,CLE,T Drew,Tim Drew,A,SP,0,0,0,0,0,0,0,0,,0,0,0,1,0,0,0,0,1,0,0,0,4.22,0,0,0,3.2,10,4,3,2,8,3,0,2,0,0,1,0,0
8913,MIL,Rigdon,Paul Rigdon,A,SP,250,8,2,0,0,0,0,0,,0,2,0,0,1,1,0,1,3,250,0,250,3.33,1,0,0,20,25,10,14,5,10,7,0,0,0,1000,3,0,0
8914,CLE,Sabathia,Cc Sabathia,A,SP,0,0,0,0,0,0,0,0,L,0,0,0,0,0,0,0,0,3,0,0,0,4.86,2,0,0,16.2,14,6,8,1,9,9,0,1,1,1000,3,0,0
8918,DET,V Santos,Victor Santos,A,RP,0,0,0,0,0,0,0,0,R,0,0,0,0,0,0,0,0,3,0,0,0,0,0,0,0,7.2,5,4,4,0,3,0,0,0,0,0,0,0,0
8940,TAM,Prieto,Ariel Prieto,M,RP,0,0,0,0,0,0,0,0,R,0,0,0,0,0,0,0,0,2,0,0,0,3,0,0,0,3,6,0,1,0,1,1,0,0,0,0,0,0,0
8956,COL,Dingman,Chris Dingman,I,RP,0,0,0,0,0,0,0,0,R,0,0,0,0,0,0,0,0,2,0,0,0,10.8,0,0,0,1.2,2,1,1,1,2,2,0,0,0,0,0,0,0
8957,NYY,Noel,Todd Noel,M,RP,0,0,0,0,0,0,0,0,R,0,0,0,0,0,0,0,0,0,0,0,0,0,0,0,0,0,0,0,0,0,0,0,0,0,0,0,0,0,0
8958,CLE,Westbrook,Jake Westbrook,M,SP,0,0,0,0,0,0,0,0,R,0,0,0,0,0,0,0,0,1,0,0,0,2.7,0,0,0,3.1,3,0,1,1,1,1,0,0,0,0,0,0,0
8966,SEA,Hodges,Kevin Hodges,M,RP,0,0,0,0,0,0,0,0,R,0,0,0,0,0,0,0,0,0,0,0,0,0,0,0,0,0,0,0,0,0,0,0,0,0,0,0,0,0,0
8980,TAM,Harper,Travis Harper,M,SP,0,0,0,0,0,0,0,0,R,0,0,0,0,0,0,0,0,2,0,0,0,7.71,0,2,0,7,15,3,2,5,11,6,0,1,0,0,2,0,0
9016,BAL,L Rivera,Luis Rivera,I,RP,0,0,0,0,0,0,0,0,R,0,0,0,0,0,0,0,0,0,0,0,0,0,0,0,0,0,0,0,0,0,0,0,0,0,0,0,0,0,0
9033,CIN,R Bell,Rob Bell,M,SP,0,1,0,0,0,0,0,0,R,0,0,0,0,0,0,0,1,1,0,0,0,5.4,0,0,0,5,3,4,6,0,3,3,0,0,0,0,1,0,0
9034,CIN,J Riedling,John Riedling,A,RP,0,0,0,0,0,0,0,0,,0,0,0,0,0,0,0,0,8,0,0,0,2.79,0,1,1,8.2,7,2,9,0,3,3,1,4,0,0,0,0,0
9043,COL,T Christman,Tim Christman,A,RP,0,0,0,0,0,0,0,0,L,0,0,0,0,0,0,0,0,0,0,0,0,4.5,0,0,0,0,1,0,0,1,1,0,0,0,0,0,0,0,0
9056,FLA,Penny,Brad Penny,A,SP,111,9,1,0,0,0,0,0,,0,1,0,0,0,0,0,5,3,111,0,111,2.51,0,0,0,19.2,25,8,12,2,9,8,1,0,0,1000,3,1,1
9062,FLA,Grilli,Jason Grilli,A,SP,400,5,2,0,0,1,0,0,,0,1,0,0,1,2,0,1,3,1000,0,400,3.06,2,1,0,17.2,14,6,11,2,6,6,1,0,0,667,3,0,0
9068,LOS,Foster,Kris Foster,M,RP,0,0,0,0,0,0,0,0,R,0,0,0,0,0,0,0,0,0,0,0,0,0,0,0,0,0,0,0,0,0,0,0,0,0,0,0,0,0,0
9075,HOU,Franklin,Wayne Franklin,A,RP,0,0,0,0,0,0,0,0,,0,0,0,0,0,0,0,0,7,0,0,0,6.43,0,0,0,7,11,3,4,2,5,5,0,0,0,0,0,0,0
9094,MIL,B Sheets,Ben Sheets,M,SP,0,3,0,0,0,0,0,0,R,0,0,0,0,0,0,0,2,2,0,0,0,6,0,2,0,12,13,8,11,2,8,8,1,1,0,0,2,0,0
9132,SDG,K Walker,Kevin Walker,A,RP,0,0,0,0,0,0,0,0,,0,0,0,0,0,0,0,0,9,0,0,0,3.52,0,0,0,7.2,2,5,13,0,3,3,0,0,1,0,0,0,0
9136,SDG,Eaton,Adam Eaton,A,SP,200,5,1,0,0,0,1,0,,0,1,0,0,0,1,0,0,4,200,0,333,7.56,2,1,0,16.2,22,8,13,6,15,14,1,2,0,667,3,0,0
9141,HOU,Linebrink,Scott Linebrink,M,RP,0,0,0,0,0,0,0,0,R,0,0,0,0,0,0,0,0,4,0,0,0,0,0,0,0,5,3,3,4,0,1,0,0,0,0,0,0,0,0
9158,SDG,Osting,Jimmy Osting,M,RP,0,0,0,0,0,0,0,0,L,0,0,0,0,0,0,0,0,0,0,0,0,0,0,0,0,0,0,0,0,0,0,0,0,0,0,0,0,0,0
9167,ANA,Weber,Ben Weber,A,RP,0,0,0,0,0,0,0,0,R,0,0,0,0,0,0,0,0,7,0,0,0,1.23,0,0,0,6.1,8,3,3,1,1,1,0,0,0,0,0,0,0
9177,ATL,J Marquis,Jason Marquis,A,RP,0,0,0,0,0,0,0,0,,0,0,0,1,0,0,0,0,5,0,0,0,2.57,0,0,0,6,2,5,4,1,2,2,0,0,0,0,0,0,0
9211,FLA,Strong,Joe Strong,A,RP,0,0,0,0,0,0,0,0,R,0,0,0,0,0,0,0,0,1,0,0,0,0,0,0,0,2,1,2,0,0,0,0,0,0,0,0,0,0,0
9226,SDG,Tollberg,Brian Tollberg,A,SP,0,7,0,0,0,0,0,0,,0,1,0,0,0,0,0,5,3,0,0,0,3.32,1,1,0,19,18,5,11,2,8,7,0,0,0,500,3,0,0
9237,NYY,Choate,Randy Choate,A,RP,0,0,0,0,0,0,0,0,,0,0,0,0,0,0,0,0,5,0,0,0,3.52,1,0,0,7,2,5,7,0,3,3,4,2,0,1000,0,0,0
9246,SDG,Maurer,Dave Maurer,M,RP,0,1,0,0,0,0,0,0,L,0,0,0,0,0,0,0,1,3,0,0,0,10.8,0,0,0,5,8,4,4,1,6,6,0,1,0,0,0,0,0
9249,BAL,Kohlmeier,Ryan Kohlmeier,A,RP,0,0,0,0,0,0,0,0,,0,0,0,0,0,0,0,0,8,0,0,0,7.27,1,0,3,7.2,12,9,10,4,7,4,0,1,0,1000,0,0,0
9250,KAN,K Wilson,Kris Wilson,A,RP,0,0,0,0,0,0,0,0,,0,0,0,1,0,0,0,0,6,0,0,0,7.71,0,0,0,9.1,15,3,7,2,10,8,1,0,0,0,0,0,0
9261,CHA,Biddle,Rocky Biddle,A,SP,0,0,0,0,0,0,0,0,,0,0,0,0,0,0,0,0,4,0,0,0,2,1,0,0,13,22,6,9,1,7,2,0,0,0,1000,2,0,0
9266,MON,Reames,Britt Reames,A,SP,143,7,1,0,0,0,2,0,,0,0,0,0,0,1,0,2,4,143,0,333,2.45,2,0,0,22,17,16,15,3,8,6,0,0,0,1000,4,0,0
9276,LOS,Prokopec,Luke Prokopec,A,RP,250,4,1,0,0,0,0,0,R,0,1,0,1,0,0,0,1,1,250,0,250,1.98,1,0,0,7.2,10,0,7,1,3,1,1,0,0,1000,1,0,0
9283,NYY,Keisler,Randy Keisler,M,SP,0,0,0,0,0,0,0,0,L,0,0,0,1,0,0,0,0,2,0,0,0,8.59,0,1,0,7.1,9,11,12,2,7,7,0,0,0,0,2,0,0
9285,ATL,Seelbach,Chris Seelbach,A,RP,0,0,0,0,0,0,0,0,,0,0,0,0,0,0,0,0,2,0,0,0,4.5,0,0,0,4,2,2,5,0,2,2,0,0,0,0,0,0,0
9288,SFO,Zerbe,Chad Zerbe,A,RP,0,1,0,0,0,0,0,0,L,0,0,0,0,0,0,0,1,0,0,0,0,0,0,0,0,0,2,0,0,0,0,0,0,0,0,0,0,0,0
9289,MIN,D Mota,Danny Mota,M,RP,0,0,0,0,0,0,0,0,R,0,0,0,0,0,0,0,0,0,0,0,0,0,0,0,0,0,0,0,0,0,0,0,0,0,0,0,0,0,0
9301,ARI,Prinz,Bret Prinz,A,RP,0,0,0,0,0,0,0,0,R,0,0,0,0,0,0,0,0,0,0,0,0,0,0,0,0,0,0,0,0,0,0,0,0,0,0,0,0,0,0
9306,CHN,C Duncan,Courtney Duncan,A,RP,0,0,0,0,0,0,0,0,,0,0,0,0,0,0,0,0,6,0,0,0,5.06,1,0,0,4.1,6,5,4,0,3,3,0,0,0,1000,0,0,0
9328,TAM,T Phelps,Travis Phelps,A,RP,0,0,0,0,0,0,0,0,R,0,0,0,0,0,0,0,0,1,0,0,0,3.86,0,0,0,2,1,1,0,0,1,0,1,0,0,0,0,0,0
9361,PIT,Beimel,Joe Beimel,A,RP,0,3,0,0,0,0,0,0,,0,0,0,0,0,0,0,2,4,0,0,0,1.74,1,0,0,10.1,9,4,7,1,2,2,0,0,0,1000,1,0,0
9377,STL,Karnuth,Jason Karnuth,A,RP,0,0,0,0,0,0,0,0,R,0,0,0,0,0,0,0,0,1,0,0,0,9,0,0,0,1,2,1,1,1,1,1,0,0,0,0,0,0,0
9400,ANA,Lukasiewicz,Mark Lukasiewicz,M,RP,0,0,0,0,0,0,0,0,L,0,0,0,0,0,0,0,0,0,0,0,0,0,0,0,0,0,0,0,0,0,0,0,0,0,0,0,0,0,0
9402,ANA,Espina,Randy Espina,I,SP,0,0,0,0,0,0,0,0,L,0,0,0,0,0,0,0,0,0,0,0,0,0,0,0,0,0,0,0,0,0,0,0,0,0,0,0,0,0,0
9405,TOR,File,Bob File,M,RP,0,0,0,0,0,0,0,0,R,0,0,0,0,0,0,0,0,2,0,0,0,2.08,1,1,0,4.1,5,1,4,0,1,1,0,0,0,500,0,0,0
9408,OAK,J Pena,Juan Pena,M,RP,0,0,0,0,0,0,0,0,L,0,0,0,0,0,0,0,0,0,0,0,0,0,0,0,0,0,0,0,0,0,0,0,0,0,0,0,0,0,0
9409,OAK,Ireland,Eric Ireland,M,RP,0,0,0,0,0,0,0,0,R,0,0,0,0,0,0,0,0,0,0,0,0,0,0,0,0,0,0,0,0,0,0,0,0,0,0,0,0,0,0
9410,OAK,B Snow,Bert Snow,M,RP,0,0,0,0,0,0,0,0,R,0,0,0,0,0,0,0,0,0,0,0,0,0,0,0,0,0,0,0,0,0,0,0,0,0,0,0,0,0,0
9421,CHA,Fogg,Josh Fogg,M,RP,0,0,0,0,0,0,0,0,R,0,0,0,0,0,0,0,0,0,0,0,0,0,0,0,0,0,0,0,0,0,0,0,0,0,0,0,0,0,0
9422,CHA,Vining,Ken Vining,M,RP,0,0,0,0,0,0,0,0,L,0,0,0,0,0,0,0,0,0,0,0,0,0,0,0,0,0,0,0,0,0,0,0,0,0,0,0,0,0,0
9423,LOS,C Garcia,Carlos Garcia,M,RP,0,0,0,0,0,0,0,0,R,0,0,0,0,0,0,0,0,0,0,0,0,0,0,0,0,0,0,0,0,0,0,0,0,0,0,0,0,0,0
9424,LOS,Jos Nunez,Jose A Nunez,A,RP,0,0,0,0,0,0,0,0,,0,0,0,0,0,0,0,0,4,0,0,0,9,0,1,0,5,7,0,5,3,5,5,0,0,0,0,0,0,0
9425,LOS,Ri Rodriguez,Ricardo Rodriguez,M,RP,0,0,0,0,0,0,0,0,R,0,0,0,0,0,0,0,0,0,0,0,0,0,0,0,0,0,0,0,0,0,0,0,0,0,0,0,0,0,0
9428,NYY,A Hernandez,Adrian Hernandez,M,SP,0,0,0,0,0,0,0,0,R,0,0,0,1,0,0,0,0,0,0,0,0,3,0,0,0,0,2,1,0,1,1,0,0,0,0,0,0,0,0
9429,NYY,Parker,Christian Parker,I,SP,0,0,0,0,0,0,0,0,R,0,0,0,0,0,0,0,0,1,0,0,0,21,0,1,0,3,8,1,1,2,7,7,0,0,0,0,1,0,0
9430,NYY,B Rogers,Brian Rogers,M,RP,0,0,0,0,0,0,0,0,R,0,0,0,0,0,0,0,0,0,0,0,0,0,0,0,0,0,0,0,0,0,0,0,0,0,0,0,0,0,0
9439,SDG,Lawrence,Brian Lawrence,A,RP,0,0,0,0,0,0,0,0,R,0,0,0,0,0,0,0,0,3,0,0,0,9.64,0,0,0,4.2,4,4,2,1,5,5,1,0,0,0,0,0,0
9443,PHI,Oropesa,Eddie Oropesa,A,RP,0,0,0,0,0,0,0,0,,0,0,0,0,0,0,0,0,5,0,0,0,9,0,0,0,3,5,4,3,0,3,3,0,0,0,0,0,0,0
9446,SEA,Atchison,Scott Atchison,M,SP,0,0,0,0,0,0,0,0,R,0,0,0,0,0,0,0,0,0,0,0,0,0,0,0,0,0,0,0,0,0,0,0,0,0,0,0,0,0,0
9447,KAN,Cogan,Tony Cogan,A,RP,0,0,0,0,0,0,0,0,L,0,0,0,0,0,0,0,0,11,0,0,0,7.71,0,1,0,7,10,4,5,2,6,6,1,1,0,0,0,0,0
9448,MON,Sc Stewart,Scott Stewart,A,RP,0,0,0,0,0,0,0,0,L,0,0,0,0,0,0,0,0,7,0,0,0,0,0,0,0,6,1,2,5,0,0,0,0,1,0,0,0,0,0
9452,BAL,C Paronto,Chad Paronto,A,RP,0,0,0,0,0,0,0,0,R,0,0,0,0,0,0,0,0,2,0,0,0,6.75,0,0,0,3.1,4,1,1,1,4,4,0,0,0,1000,0,0,0
